10 10

68 20 22 32 76 42 53 81 52 15
57 34 36 67 32 26 77 78 93 3
99 48 47 41 43 93 90 39 43 7
73 63 27 94 46 2 35 50 82 38
64 91 72 100 57 55 77 34 85 69
88 83 68 35 76 63 27 65 1 22
23 73 36 49 18 81 51 4 82 84
41 45 74 12 96 31 19 73 16 3
93 3 37 13 37 12 75 16 28 75
89 51 99 24 99 68 56 1 71 37

85 11 33 58 75 29 40 93 53 55
47 97 10 83 9 98 95 83 13 22
9 1 72 59 76 71 26 31 71 96
19 7 59 52 65 33 80 56 25 84
63 71 80 72 5 89 69 99 71 34
21 32 34 92 90 62 14 16 92 37
63 63 43 21 14 59 53 45 15 29
28 77 51 7 100 56 47 20 54 70
53 26 1 39 70 42 100 83 57 43
71 72 57 14 92 70 72 97 66 86
