50 50

2 21 72 4 75 83 5 30 16 85 31 40 4 10 46 65 74 29 91 2 84 13 96 9 58 56 42 58 13 27 45 14 99 68 17 74 51 73 55 18 57 86 9 12 47 54 77 73 83 19
74 18 31 22 26 88 29 19 98 41 45 94 6 96 62 74 21 64 46 75 81 54 12 90 66 59 95 42 31 29 12 56 46 42 29 23 82 58 93 31 98 90 24 4 85 37 29 5 100 75
31 33 28 43 74 93 53 68 86 35 49 97 42 46 91 71 21 24 80 13 54 77 2 29 32 38 66 61 42 17 87 73 49 66 67 74 11 71 94 96 5 42 45 46 39 87 68 59 10 47
24 15 76 25 43 59 15 8 71 56 25 57 80 25 23 98 51 33 68 44 80 72 85 76 70 75 62 89 34 23 36 9 37 63 33 32 21 99 39 92 55 15 100 86 92 74 84 42 6 51
37 38 75 73 13 96 47 27 84 32 49 71 40 38 33 25 69 6 23 59 49 29 26 48 15 69 74 98 62 79 100 98 68 74 70 81 69 68 59 5 100 7 75 39 96 60 15 16 17 38
27 65 66 4 64 80 72 37 29 85 68 29 34 35 2 3 67 23 22 25 27 21 84 53 12 31 64 26 47 80 63 73 96 81 28 60 12 99 48 41 35 67 69 68 2 22 22 20 96 43
97 74 64 80 27 27 10 90 52 8 22 67 32 17 47 59 76 58 9 76 50 43 42 70 62 95 92 83 15 39 26 63 13 41 94 91 67 55 32 18 63 53 84 94 70 82 5 97 92 13
72 41 8 66 11 69 60 54 52 26 92 77 88 4 69 81 94 35 36 26 4 50 30 88 95 99 21 99 48 12 12 19 53 19 84 63 39 96 16 90 21 7 18 9 63 86 41 8 20 28
85 24 77 15 63 72 65 35 70 12 47 33 83 51 3 18 13 42 13 80 83 34 38 1 94 52 38 86 60 10 14 96 85 90 10 99 13 27 33 35 38 31 67 72 81 22 90 93 15 2
24 97 35 62 49 80 13 87 66 24 96 79 20 80 20 81 78 85 7 10 19 97 41 85 20 73 58 9 66 72 11 41 69 97 54 17 77 67 55 94 42 50 24 61 29 43 94 58 27 52
20 45 100 12 82 20 84 91 28 1 63 90 42 83 87 95 51 15 13 6 60 55 55 83 67 36 25 60 93 4 64 64 100 63 75 33 34 59 24 62 59 38 3 100 20 41 47 70 55 59
27 14 13 82 96 32 69 73 43 13 28 6 77 27 21 51 60 54 9 35 67 20 72 70 71 91 10 17 12 17 76 39 30 40 72 78 71 92 2 14 4 29 19 32 7 39 83 66 93 43
100 59 14 71 80 85 13 90 1 77 6 76 67 87 16 90 16 38 81 17 51 36 97 22 68 4 60 2 21 4 44 73 15 10 95 94 94 8 35 94 36 40 22 2 27 89 91 94 26 23
11 77 58 59 50 25 14 9 26 35 65 22 7 31 31 1 76 24 60 11 69 47 2 90 48 80 78 90 74 56 12 36 32 22 94 81 46 8 41 24 94 57 45 52 39 27 4 15 2 16
77 70 62 30 12 62 10 41 51 83 96 15 70 79 36 15 11 33 74 4 56 67 12 52 18 51 30 74 17 31 89 45 53 50 74 16 11 83 56 14 17 4 28 38 34 15 53 45 99 26
100 55 45 11 58 14 61 88 87 29 70 75 73 74 77 47 41 39 81 49 52 50 52 31 87 85 97 39 81 96 17 80 50 61 91 59 74 3 98 13 84 20 39 56 45 15 54 86 54 87
34 57 36 37 88 22 73 84 13 54 79 29 33 80 89 75 39 14 30 88 78 13 7 17 20 52 31 26 89 36 12 22 93 99 10 80 20 82 15 32 35 46 12 20 25 100 46 15 66 27
55 43 39 61 59 11 64 42 36 52 77 99 25 21 97 34 52 68 68 19 52 54 64 63 73 88 15 71 55 80 97 9 74 88 21 33 98 85 26 85 88 54 83 65 75 31 50 78 50 17
96 1 71 59 16 95 99 30 65 53 61 14 13 34 1 33 18 98 69 95 82 9 49 16 73 75 46 22 52 95 39 100 48 9 58 63 3 8 44 20 12 56 33 24 41 33 57 11 82 77
5 15 85 5 30 9 79 27 31 83 73 21 82 20 29 91 34 83 99 29 2 62 84 86 86 77 70 94 87 51 70 91 17 7 48 98 15 26 24 97 60 97 17 41 68 97 84 2 32 34
82 85 95 66 71 80 94 40 25 80 43 95 22 59 53 69 9 67 47 32 16 6 80 32 99 100 81 82 53 12 67 34 96 13 51 18 45 44 10 69 23 52 15 97 62 67 65 70 86 11
54 1 69 85 84 67 84 16 100 36 27 66 70 75 78 72 92 22 16 53 91 38 56 57 86 70 24 51 91 61 13 44 13 81 81 96 47 64 12 98 52 90 63 73 16 93 44 8 66 59
12 56 49 68 65 34 37 88 36 27 100 49 23 12 81 3 59 28 66 22 25 17 64 40 89 79 32 33 38 97 43 50 5 91 17 21 25 53 60 60 31 59 60 53 70 41 55 80 20 21
2 96 89 17 35 30 95 18 14 33 67 56 82 23 99 50 43 75 2 2 86 32 12 46 37 33 38 91 12 57 63 65 52 4 81 39 33 28 8 46 60 26 53 93 100 51 42 94 25 95
47 63 78 58 8 14 90 45 5 54 53 19 70 4 22 51 94 6 30 54 51 89 31 56 81 31 58 74 24 35 68 71 97 97 80 4 11 22 100 67 75 52 37 44 7 59 46 53 64 75
58 67 63 88 74 95 18 31 20 94 65 39 64 13 36 95 68 98 16 67 16 90 70 4 86 29 62 31 33 78 6 90 96 20 77 69 67 95 99 38 88 16 77 3 28 64 49 48 13 65
14 80 6 36 83 91 16 97 22 48 74 79 37 21 50 13 89 68 59 39 6 98 6 34 100 86 49 49 33 61 65 98 92 70 85 74 61 100 22 34 47 47 64 35 67 13 48 7 33 58
46 38 56 3 23 7 88 71 7 72 83 71 22 74 41 6 99 53 6 21 86 4 19 1 39 86 65 38 92 97 95 89 86 2 44 8 9 83 30 15 55 12 86 76 37 78 81 88 30 38
8 67 42 78 67 32 63 31 69 7 28 15 47 65 17 90 73 77 73 54 91 79 66 76 54 54 5 86 41 34 24 100 100 17 78 66 48 92 49 68 98 76 34 97 40 50 86 64 26 10
18 69 88 35 96 41 40 1 79 81 34 2 80 86 70 9 51 17 1 51 36 50 78 69 46 18 71 84 33 48 93 2 16 81 88 12 73 28 12 51 8 97 4 39 82 73 100 85 41 100
35 76 49 13 45 47 82 67 30 66 14 22 68 30 54 55 41 27 34 4 29 93 52 33 84 34 57 83 70 98 34 4 25 34 68 69 80 1 35 9 67 1 83 86 30 36 92 22 14 26
25 95 70 28 27 53 61 35 35 30 32 68 86 57 54 5 77 33 6 64 94 24 64 28 9 45 15 100 66 29 77 42 75 47 69 53 99 82 87 86 63 71 5 48 79 58 5 55 91 62
70 36 85 85 63 93 29 77 44 46 57 73 87 31 19 8 83 69 89 70 6 51 92 11 51 70 20 55 76 62 16 98 97 52 82 59 44 63 88 39 60 44 11 47 27 81 6 61 2 94
30 7 44 73 69 46 42 89 52 18 50 67 15 47 18 48 57 13 62 44 4 22 40 66 68 18 99 73 78 100 18 60 58 13 32 27 59 74 15 10 43 64 29 57 62 98 56 71 63 18
66 18 39 5 83 58 74 33 82 52 32 99 11 42 11 42 68 21 67 34 31 9 49 11 17 11 8 73 81 22 90 98 39 28 3 74 85 76 6 66 79 90 16 89 31 78 83 50 99 49
83 81 10 83 43 26 45 50 50 77 24 39 75 62 18 29 35 54 4 93 71 35 82 86 23 12 16 57 13 14 58 95 46 67 29 88 44 74 89 94 50 12 32 24 26 2 52 12 55 8
4 26 94 85 63 16 48 78 25 60 43 82 6 88 48 35 27 43 8 68 36 9 31 20 85 56 21 88 68 27 95 23 4 88 8 67 56 7 96 80 67 39 13 72 78 12 58 57 54 17
24 90 26 54 9 10 62 81 97 81 7 44 3 11 83 62 29 90 69 24 21 35 62 33 58 92 44 16 48 98 32 23 39 9 76 99 70 89 79 19 69 37 14 72 99 96 33 27 38 1
3 58 87 16 43 45 7 38 12 6 87 95 28 77 4 56 75 25 44 5 43 13 42 56 36 92 4 68 19 41 21 21 50 59 88 44 55 95 34 66 100 20 13 80 97 16 35 23 40 78
28 35 42 21 90 77 12 45 97 82 85 69 54 87 27 42 30 34 36 15 99 87 35 11 18 83 78 52 5 70 82 84 4 23 4 45 52 16 90 48 97 26 68 51 12 46 44 94 79 31
8 78 17 94 40 35 76 70 38 33 39 71 68 94 46 72 38 97 39 27 96 35 53 63 37 16 8 80 9 87 10 69 16 79 62 7 65 90 76 54 74 66 25 41 59 70 12 97 66 50
75 13 37 79 75 25 95 34 57 55 72 18 23 39 48 37 46 12 78 73 18 51 39 42 43 97 63 55 45 80 56 20 92 44 50 18 69 44 3 77 51 75 94 25 13 42 61 10 5 90
83 22 40 21 15 83 69 77 89 14 56 96 85 99 40 34 16 60 30 19 36 80 93 29 4 57 70 17 67 27 6 1 48 98 73 63 32 41 39 20 6 47 15 90 45 54 24 61 13 5
31 100 84 75 29 39 31 50 7 49 76 65 1 24 62 73 38 93 14 76 64 71 74 78 61 19 84 36 31 48 40 61 48 75 35 28 65 65 77 72 66 5 88 66 80 49 91 17 93 56
44 56 26 18 85 86 88 20 73 18 68 12 78 67 38 12 94 3 28 22 26 45 26 13 63 57 13 53 73 57 8 69 64 85 38 48 71 25 68 95 42 87 59 19 53 96 82 46 98 9
19 75 54 97 87 68 53 51 20 78 7 79 46 70 63 35 18 85 59 37 80 100 23 38 70 27 33 51 24 83 11 42 57 16 38 96 83 43 46 2 20 53 80 17 74 95 51 91 79 61
79 58 60 53 95 29 79 80 31 54 14 41 96 70 57 85 17 39 79 63 93 50 67 24 66 40 18 68 83 49 28 61 58 39 66 5 19 44 84 49 98 97 42 45 18 50 81 35 40 60
49 32 9 15 8 27 54 77 46 36 25 26 49 83 64 14 39 35 57 22 35 6 70 76 2 87 77 83 73 17 94 21 100 54 35 7 32 41 36 78 76 12 3 24 46 18 37 84 4 46
57 39 3 26 66 57 65 43 91 89 11 84 10 10 37 96 69 69 36 56 98 64 67 52 87 65 69 76 48 25 73 5 63 27 82 80 83 98 74 73 87 84 8 96 46 45 43 66 65 79
21 14 94 39 65 80 3 85 7 3 9 31 7 23 58 40 3 92 38 28 17 24 64 24 71 9 20 65 26 36 95 46 49 88 36 13 68 39 98 26 41 6 9 99 29 18 38 83 9 27

10 25 2 73 49 72 33 20 37 58 56 83 55 4 71 91 17 90 29 66 15 21 71 23 19 51 40 8 33 1 35 95 77 36 19 25 60 52 97 48 61 52 30 16 55 100 6 23 89 86
88 56 58 11 30 76 61 22 35 46 22 21 40 98 9 10 75 68 61 71 67 22 74 48 89 80 100 94 3 40 31 90 95 88 52 77 15 13 98 49 10 71 70 49 20 30 58 94 49 71
16 15 44 41 14 32 21 13 77 23 5 59 64 51 46 16 27 12 80 76 60 89 46 81 89 18 10 98 63 58 68 79 24 63 71 90 94 91 54 22 13 58 80 29 9 25 96 35 36 75
11 48 63 8 80 3 25 42 100 88 51 20 18 75 82 88 16 76 31 69 49 43 27 29 23 35 5 18 21 93 92 83 40 6 91 71 8 67 12 8 6 63 27 75 89 60 15 4 87 45
72 36 39 50 64 62 84 20 79 5 12 23 87 3 80 29 74 88 48 85 47 53 99 25 28 87 84 42 42 71 38 66 58 76 15 73 37 99 92 68 55 4 42 93 6 21 22 79 60 69
16 6 73 66 82 100 5 66 93 46 88 30 63 45 6 78 17 94 28 60 13 34 63 54 26 21 75 99 51 34 19 66 92 92 84 73 43 88 90 88 85 29 69 48 25 26 77 93 20 56
53 32 89 15 38 14 87 64 65 38 49 83 55 40 74 38 65 69 25 6 56 62 35 24 61 11 50 37 4 21 92 56 4 32 22 41 97 9 4 61 46 53 44 52 44 69 90 8 89 66
66 44 27 100 20 39 62 21 75 65 41 18 72 96 49 46 37 98 6 92 58 3 44 53 54 40 74 43 99 62 9 64 6 87 15 77 26 77 97 52 93 89 70 65 84 70 10 72 67 15
64 77 17 59 29 70 98 2 65 97 64 25 12 21 11 27 49 36 55 45 40 47 33 61 11 68 30 72 40 49 38 3 77 6 61 57 28 11 59 92 59 74 16 70 46 78 48 94 66 54
90 5 1 74 65 63 41 46 87 32 46 24 34 22 30 47 79 57 9 89 48 67 14 15 88 59 92 36 4 57 41 45 13 93 18 77 56 10 23 42 42 68 17 27 42 46 73 72 54 81
60 53 99 25 67 87 35 11 74 90 19 14 34 32 7 51 8 14 12 82 7 53 2 23 80 95 21 4 66 74 37 77 27 35 1 45 73 35 55 46 24 26 12 9 57 70 59 16 83 70
98 41 75 51 63 6 45 35 9 10 9 97 86 87 84 38 31 56 24 38 54 47 63 65 55 71 86 65 86 20 86 83 60 12 33 74 17 77 9 78 38 69 74 75 55 57 12 37 65 35
26 18 33 88 34 39 58 19 55 44 38 93 78 97 4 63 70 73 91 30 50 29 98 75 3 52 84 15 41 48 1 66 17 34 6 50 24 15 20 79 10 57 71 88 5 74 2 74 46 92
56 47 20 53 74 75 57 57 41 97 56 41 14 24 26 19 73 50 86 92 28 95 100 50 82 4 23 83 29 21 27 84 19 98 89 92 72 45 100 12 93 7 5 58 30 30 77 54 79 62
97 58 8 96 7 90 51 82 24 80 54 2 15 72 100 3 16 71 99 15 35 91 74 39 49 3 68 77 9 99 90 5 8 97 53 15 38 3 48 14 34 1 15 49 72 66 3 87 37 2
54 71 44 27 61 44 81 28 72 89 78 61 46 86 10 98 52 99 52 99 64 86 99 31 86 22 96 40 9 84 93 14 54 37 92 66 32 72 94 4 61 23 16 58 8 77 55 59 76 6
57 39 43 7 69 28 29 65 20 89 48 12 2 54 100 93 19 32 16 64 35 28 39 2 85 46 79 39 57 54 97 65 44 39 72 13 19 100 29 38 40 28 1 41 33 1 85 4 32 100
19 18 28 57 71 12 55 49 3 11 54 51 27 98 89 98 62 59 49 42 48 88 21 49 80 6 1 64 9 84 16 79 53 95 88 23 58 42 24 60 4 77 62 30 26 51 80 39 61 80
32 9 68 53 9 99 58 9 15 18 92 30 48 44 24 35 18 33 76 41 45 79 18 6 61 95 8 40 34 69 19 65 77 38 69 37 89 26 45 3 95 36 84 43 31 59 77 48 91 5
89 35 35 58 41 95 52 48 86 37 68 57 2 96 46 70 32 34 48 76 88 42 63 71 36 93 29 65 93 20 69 81 6 55 90 46 50 41 46 87 78 13 95 31 9 93 52 92 26 99
68 66 93 30 36 80 75 65 44 67 36 64 99 41 19 40 39 20 32 36 6 61 100 53 91 60 45 43 52 22 93 19 87 85 100 75 65 26 39 8 44 26 24 94 66 42 33 4 61 65
91 18 25 91 22 16 50 66 10 1 40 2 19 26 39 71 52 3 96 90 62 40 67 85 33 33 78 66 88 38 30 79 8 6 69 29 73 18 95 82 19 86 36 89 11 74 11 15 28 7
4 89 46 71 26 78 55 3 95 42 93 76 72 100 82 40 28 6 10 74 88 80 59 75 20 22 48 31 36 75 37 91 15 34 61 40 63 67 95 58 61 87 85 32 86 18 24 13 24 85
87 63 64 97 37 35 18 36 65 53 10 53 44 76 86 56 16 49 23 62 58 83 48 94 66 33 12 41 97 87 25 35 49 40 32 85 75 49 20 91 2 81 44 97 56 81 52 23 81 26
84 38 8 83 84 26 15 95 66 64 81 43 50 81 82 81 17 8 82 36 99 35 68 42 31 75 22 34 98 3 60 33 92 19 16 75 44 82 21 62 45 53 56 47 33 37 27 49 45 60
36 95 94 3 36 76 30 9 10 27 11 21 11 55 39 26 29 35 60 2 48 56 54 3 2 87 91 29 35 35 40 23 29 86 25 16 13 6 25 22 32 87 94 95 41 33 72 22 19 31
75 66 87 28 68 88 66 58 68 53 45 60 75 25 45 51 93 57 57 17 31 40 55 24 34 48 8 6 21 26 88 95 43 26 74 10 14 40 20 33 92 16 92 66 40 88 68 84 45 24
52 75 64 7 50 49 54 58 6 74 35 94 20 78 19 93 39 84 32 58 69 75 25 12 92 17 100 60 100 44 35 52 70 98 58 71 99 63 80 4 88 15 49 7 44 20 99 82 3 83
92 23 57 16 35 1 32 34 60 32 29 94 83 98 44 92 20 42 6 100 97 93 14 46 99 57 65 49 90 19 83 81 42 92 97 76 92 28 9 3 11 89 48 45 38 91 36 57 84 93
56 81 85 21 78 35 29 42 36 19 60 18 99 53 61 95 28 52 75 88 54 85 76 54 82 13 96 69 70 80 62 77 12 46 98 41 33 26 34 68 44 93 37 95 46 98 41 25 1 15
13 7 52 88 60 33 53 55 53 22 86 14 98 49 12 47 89 44 73 22 63 68 67 51 62 64 48 3 40 1 69 52 7 72 92 66 56 96 72 9 69 10 22 18 58 85 65 99 28 89
72 42 56 90 93 70 5 92 24 45 92 44 48 98 16 91 15 71 38 39 31 6 48 53 24 57 89 88 7 17 76 31 10 83 72 54 4 77 46 27 73 89 71 72 87 38 15 53 60 52
43 91 10 90 95 33 99 83 72 5 51 99 87 61 81 59 14 37 87 11 63 59 100 85 82 38 74 48 90 34 52 33 76 61 74 70 45 72 4 16 29 55 14 15 67 46 25 80 34 11
43 97 21 42 33 3 79 59 2 20 44 53 4 19 65 30 88 9 53 91 76 81 97 41 48 63 39 72 95 72 35 37 20 55 78 53 9 8 63 11 79 6 15 83 24 80 64 63 40 16
5 16 97 2 56 96 64 94 19 58 66 53 94 85 8 23 89 68 82 51 30 61 56 45 95 79 76 58 93 15 73 98 82 21 99 38 68 62 83 87 72 100 91 17 85 50 40 25 18 73
28 47 33 83 43 79 14 18 36 6 85 61 55 66 81 53 55 49 67 38 87 38 37 77 54 73 27 45 50 96 70 77 42 2 11 85 33 76 54 68 82 90 80 36 56 13 41 62 13 7
99 99 96 88 27 1 12 53 46 61 48 15 89 42 68 100 78 100 75 83 20 8 73 51 96 28 63 88 89 75 94 40 25 89 79 52 89 42 56 86 3 56 52 43 97 72 42 26 23 69
8 94 28 80 45 75 59 7 62 100 34 55 91 58 95 69 61 36 10 17 73 64 72 25 7 20 48 100 45 70 20 52 64 48 84 60 22 42 18 36 41 51 42 31 61 37 51 21 24 13
89 96 76 60 72 34 31 19 86 75 41 57 79 56 56 62 15 30 3 32 65 96 35 6 78 95 94 81 67 17 93 56 13 20 67 36 6 98 55 91 72 47 99 2 2 55 63 68 84 18
51 48 65 37 53 42 31 47 74 50 15 66 5 79 86 71 15 43 68 21 85 92 67 83 93 20 37 8 39 20 77 89 19 41 26 24 34 8 22 8 9 36 73 13 15 10 36 29 52 3
1 36 46 67 71 91 38 7 98 76 79 74 16 97 14 41 72 99 1 93 6 9 81 31 74 47 92 9 27 96 63 27 83 9 45 53 51 82 12 48 57 90 21 72 38 86 65 10 36 17
54 42 77 86 24 50 32 15 10 58 62 73 84 45 33 28 97 83 61 60 82 17 49 54 41 39 91 5 100 26 21 53 19 97 91 42 99 22 9 8 32 70 32 67 14 16 47 63 50 7
22 31 24 23 36 64 61 26 20 60 52 40 64 70 88 54 64 38 28 72 46 59 93 29 25 59 45 23 21 46 30 94 29 5 68 64 68 28 90 39 39 93 30 55 14 17 60 77 7 87
100 52 97 93 32 74 51 28 96 23 74 25 16 2 29 36 65 48 63 6 38 54 98 67 60 64 36 19 40 42 58 40 93 54 32 76 79 34 4 27 56 77 3 23 30 84 58 46 83 73
52 21 26 1 87 37 64 22 55 56 63 12 95 7 18 78 83 48 11 86 74 66 14 77 40 43 12 98 88 94 70 91 14 47 44 1 83 59 22 89 14 37 1 60 43 70 37 77 17 99
14 43 16 27 71 56 69 82 53 9 75 74 51 89 20 94 89 54 5 62 42 18 50 94 78 93 63 66 21 32 65 35 74 32 61 44 87 82 25 91 42 99 16 92 39 35 38 79 40 42
41 82 11 90 27 40 34 90 6 7 73 22 41 46 53 53 41 92 34 65 34 27 15 50 71 54 36 60 32 76 53 24 9 63 66 35 3 51 76 60 57 48 81 49 93 85 2 85 28 87
49 62 14 16 63 36 21 98 95 4 25 47 80 33 61 45 20 63 47 95 22 56 43 54 4 87 91 57 72 18 44 72 31 9 39 93 44 59 43 90 15 67 36 94 100 96 90 19 11 36
65 84 43 7 90 47 46 80 55 17 49 98 40 32 58 79 24 53 37 66 42 51 33 29 96 84 77 85 54 87 21 18 22 63 77 11 61 22 90 16 90 91 65 29 22 75 7 97 79 44
15 21 46 99 1 42 82 77 78 87 15 50 4 37 65 32 47 25 53 89 92 42 79 9 71 52 35 29 48 13 72 62 85 70 60 86 63 93 14 40 79 29 90 35 65 54 66 11 30 71
