100 100

50 72 9 37 90 29 86 75 63 49 43 13 14 55 55 14 12 12 83 98 27 36 77 98 10 47 49 88 36 69 12 37 92 72 73 81 100 10 8 15 10 50 27 24 4 81 89 67 44 71 17 23 58 93 20 67 91 20 55 79 88 66 15 79 90 40 11 89 1 18 3 11 19 82 34 23 62 22 41 58 45 57 80 2 2 51 21 44 70 75 22 9 92 89 39 81 80 1 22 80
71 24 90 89 5 75 63 19 49 4 28 45 12 59 98 65 9 18 9 30 92 82 90 36 22 28 16 1 28 89 81 50 13 22 39 69 49 1 39 97 56 66 41 68 24 90 32 84 8 92 13 51 74 2 86 95 81 54 96 61 42 28 10 6 49 100 75 49 1 13 45 8 31 37 75 54 27 59 38 34 50 2 84 23 56 22 70 88 75 17 48 16 44 10 74 44 9 48 93 61
12 89 69 42 26 43 48 4 1 37 89 3 38 24 77 93 45 46 81 19 14 80 87 57 89 12 53 98 59 97 58 22 85 78 16 62 21 63 65 73 99 5 27 88 29 4 33 73 1 65 44 15 44 82 71 85 93 75 34 3 71 43 24 56 21 91 17 93 53 34 17 3 38 44 43 66 47 75 91 47 91 34 61 86 67 84 70 59 10 55 61 81 50 36 88 70 27 56 14 31
89 30 86 79 73 28 96 19 54 86 18 44 71 30 29 37 65 51 47 75 57 59 7 6 95 94 27 73 49 40 3 38 22 88 68 94 67 63 65 20 1 34 15 71 63 96 60 80 98 6 54 54 17 12 12 11 5 90 83 53 82 37 42 3 77 61 96 43 24 12 15 24 45 29 46 8 76 57 39 73 15 44 79 31 55 42 93 59 31 75 63 12 63 57 14 39 17 62 34 40
73 48 15 18 28 13 77 4 21 15 28 35 58 58 65 64 99 57 22 82 83 36 93 46 92 59 36 9 20 69 100 92 16 67 61 96 79 37 51 51 3 30 86 12 88 2 75 38 59 48 19 93 84 64 90 75 22 26 35 93 94 35 84 62 53 97 9 83 33 59 33 36 40 18 47 27 20 74 17 30 21 87 74 4 2 64 31 23 89 65 67 34 51 51 47 3 47 7 37 31
65 70 18 5 39 17 83 58 90 51 39 10 90 13 14 91 76 96 66 16 12 32 1 63 34 100 17 32 6 54 63 23 75 80 79 13 48 13 23 37 64 61 47 53 25 12 43 52 59 8 19 70 92 20 32 25 71 1 57 76 6 19 50 80 50 28 44 50 41 66 86 56 79 84 60 55 47 54 7 5 14 25 75 5 96 58 29 18 10 85 94 15 55 95 46 57 23 42 6 15
7 91 22 37 27 81 92 73 34 98 78 47 74 4 51 22 61 32 39 71 16 84 37 23 79 35 79 53 76 36 67 34 78 88 71 4 20 62 29 53 11 6 52 36 61 54 57 73 85 48 95 53 31 32 75 61 18 5 13 93 40 31 26 17 70 48 73 89 61 1 42 71 58 45 59 18 98 67 90 83 14 37 35 97 20 61 57 37 17 70 29 56 52 6 24 22 6 48 10 66
48 3 89 5 47 47 74 45 13 16 79 79 52 65 75 71 77 31 59 93 52 87 100 4 44 23 25 49 71 86 15 70 89 55 27 87 1 100 83 65 67 61 43 18 77 17 40 53 100 98 45 51 36 96 6 32 71 82 32 93 68 98 62 8 52 88 94 52 40 29 69 6 41 11 76 18 80 15 70 79 65 67 81 52 62 87 83 32 68 15 24 87 12 86 94 16 25 40 67 64
68 87 22 60 98 97 77 29 63 99 59 27 65 39 31 78 77 13 10 97 79 85 83 43 22 29 58 47 68 76 62 87 63 83 46 12 31 75 40 94 73 98 72 89 88 2 66 17 67 27 13 45 12 95 39 85 23 96 83 42 72 45 80 34 79 26 45 62 100 36 55 24 85 78 12 72 32 29 40 50 56 52 46 19 99 85 3 73 80 38 15 3 34 94 36 12 71 32 73 22
19 79 45 3 9 56 27 92 85 66 41 92 18 86 62 68 70 64 40 2 53 54 4 86 100 92 50 70 75 22 92 94 53 88 48 13 96 74 4 80 92 44 23 9 81 84 76 3 99 67 4 52 21 59 37 72 2 86 93 77 60 36 22 64 24 69 76 19 95 31 50 86 74 72 46 6 55 73 8 5 39 63 56 11 22 45 82 23 82 75 51 93 10 72 8 85 93 83 3 87
65 52 72 38 75 17 44 81 89 3 86 27 66 41 38 87 37 71 61 19 97 12 63 59 35 71 43 27 5 98 13 70 49 84 59 76 52 54 56 40 57 41 19 22 34 8 60 22 78 72 40 75 35 55 85 70 25 27 48 29 76 61 98 77 96 9 52 48 62 7 39 18 100 57 91 33 64 50 54 94 22 46 20 8 52 4 77 76 82 77 56 58 37 6 34 84 14 37 83 75
43 74 93 94 30 83 26 46 85 32 39 58 29 10 65 80 13 42 7 46 70 62 3 6 67 88 41 80 76 76 7 19 49 99 64 30 33 90 27 69 73 17 26 53 26 91 32 38 84 38 36 53 99 38 10 18 78 2 49 53 77 55 23 77 5 87 59 90 28 85 58 52 2 84 4 27 26 87 17 61 24 52 13 74 41 74 91 70 75 92 75 4 46 49 32 51 35 90 40 14
75 49 17 28 32 20 6 9 6 22 69 81 25 33 55 18 6 97 39 33 88 13 88 34 62 71 36 48 61 27 14 87 75 30 14 59 50 19 67 7 93 88 88 69 20 42 38 78 90 77 62 78 89 1 63 2 71 50 2 31 76 15 69 2 44 82 60 93 53 79 52 97 18 39 17 37 32 55 66 21 31 79 50 71 79 64 25 50 65 26 32 40 40 1 94 83 34 53 28 38
83 79 34 100 69 51 89 100 57 54 72 39 33 74 9 63 89 85 64 54 10 96 45 49 48 38 84 81 43 63 19 77 41 4 77 61 6 17 12 62 22 35 100 6 60 61 69 49 45 32 54 55 27 50 55 74 88 90 7 82 52 25 58 44 28 86 4 86 2 15 47 24 2 99 29 61 59 49 61 55 81 66 61 59 16 16 85 55 5 91 36 57 67 45 100 46 31 56 31 84
22 78 7 23 76 88 36 86 36 96 40 68 14 1 27 29 68 11 83 24 1 70 80 19 14 32 64 44 39 95 28 60 24 86 35 51 25 70 36 61 17 27 28 82 27 6 10 46 16 44 70 68 13 1 86 27 32 2 22 22 48 1 82 71 87 68 21 63 89 8 23 5 34 3 87 13 60 48 58 76 92 27 95 56 28 33 82 11 86 4 33 33 56 66 3 94 85 75 57 73
34 31 29 67 85 67 79 45 15 89 72 58 15 66 13 94 50 95 5 35 50 89 67 57 6 21 51 90 47 7 62 80 37 90 99 22 57 77 18 23 65 89 80 32 6 92 25 56 38 81 42 39 21 61 96 26 33 46 67 80 4 80 59 40 22 9 13 30 86 82 52 2 70 83 85 76 26 62 83 64 94 76 54 15 36 49 92 69 46 59 48 49 38 58 41 59 67 53 88 4
87 91 57 56 73 94 83 99 55 17 14 48 93 67 14 80 68 6 48 13 16 47 62 53 57 54 64 75 58 3 30 44 94 38 100 18 31 34 16 37 51 81 37 95 48 2 74 67 7 74 79 22 20 92 27 28 45 42 54 3 44 83 46 89 73 97 7 55 83 74 92 33 55 80 79 54 81 52 20 40 77 98 13 49 42 39 76 38 80 30 40 76 64 38 64 36 86 70 91 68
44 34 52 98 65 30 51 45 34 70 84 10 19 97 58 60 87 86 98 19 15 89 94 30 78 57 18 16 79 8 35 22 93 87 71 57 68 73 1 1 94 37 63 12 85 20 24 71 57 73 41 23 13 34 53 43 91 70 58 21 29 92 42 21 78 64 29 98 36 29 98 29 17 12 92 53 84 67 76 40 39 16 63 4 50 67 46 92 36 3 12 16 94 5 36 24 68 64 21 3
44 70 83 13 34 26 65 17 93 40 56 83 56 70 86 57 36 31 48 71 85 11 86 31 15 73 6 82 88 26 36 84 47 70 96 80 95 12 48 87 52 4 22 59 25 7 15 61 90 14 83 74 24 69 4 38 93 9 19 33 86 6 16 85 75 63 16 69 74 64 8 25 19 29 35 43 35 49 55 76 62 38 50 85 58 5 22 50 66 92 82 51 97 49 87 23 11 55 92 85
70 51 61 88 79 96 82 65 96 37 41 10 74 42 46 31 98 20 32 63 11 66 66 60 66 52 82 77 58 25 13 27 27 25 14 57 72 48 22 20 36 14 29 61 7 74 43 4 93 74 67 56 91 84 15 57 35 48 85 93 25 49 71 51 73 85 8 97 84 81 16 19 46 44 31 4 69 73 7 62 98 25 17 89 8 83 97 95 82 33 39 6 33 9 9 5 45 68 53 80
100 68 50 45 63 80 48 32 52 6 93 50 83 61 90 90 95 38 36 76 70 26 34 2 35 94 58 31 61 11 11 60 30 60 56 93 40 55 24 43 60 68 92 42 80 33 84 74 70 71 1 39 97 86 92 83 79 2 13 39 64 75 50 93 35 5 37 26 59 12 68 71 31 12 64 10 44 47 35 14 70 88 4 66 73 48 48 52 49 60 42 12 35 44 56 21 48 45 98 7
56 65 29 87 28 92 48 72 39 83 37 60 70 40 25 94 87 72 97 87 83 91 50 69 34 58 41 81 2 38 39 57 55 67 95 82 11 43 5 1 25 41 60 46 33 84 91 71 7 40 58 89 30 59 10 63 16 50 95 17 88 86 26 94 4 72 75 14 14 80 14 90 20 73 87 4 8 78 75 14 17 32 55 98 42 64 12 58 65 6 26 4 43 3 97 47 75 24 12 88
3 26 78 74 50 64 78 58 93 52 23 61 35 77 58 76 92 21 85 9 79 11 12 21 13 61 19 39 84 31 27 38 8 56 11 9 71 40 18 16 43 41 76 29 17 86 5 61 6 41 69 84 51 32 5 16 92 75 6 75 57 32 12 64 39 75 25 10 66 42 25 9 82 52 37 51 37 93 63 43 34 31 78 36 62 82 3 6 9 9 80 65 92 44 81 83 18 5 92 83
98 68 43 80 19 32 82 8 24 44 50 9 26 79 97 39 13 51 44 21 11 76 85 55 19 65 37 88 21 80 22 19 47 17 50 17 48 31 24 23 26 25 32 3 4 80 41 16 82 85 36 93 12 72 47 30 89 83 69 9 62 90 79 60 6 28 28 5 10 52 28 87 28 59 89 31 90 82 98 71 18 85 63 29 57 61 58 97 95 78 57 8 19 36 19 25 15 47 29 77
98 8 63 25 18 4 8 7 85 57 30 54 42 44 82 50 5 91 46 51 68 54 59 86 41 77 62 56 23 43 32 72 50 46 49 68 49 8 74 85 64 3 38 5 47 71 6 3 61 3 53 28 57 63 66 97 40 27 4 14 69 35 38 71 33 86 38 33 45 63 70 8 18 7 65 16 78 70 18 90 25 22 18 33 85 35 29 76 61 33 89 82 19 78 52 3 15 41 36 59
3 5 67 20 63 83 35 92 52 4 82 28 26 51 60 10 85 41 85 97 25 25 78 43 3 81 98 17 21 33 76 76 89 94 95 3 76 82 95 79 85 76 7 10 78 66 71 62 6 55 10 30 80 88 25 34 20 74 50 93 6 77 68 46 70 14 48 45 95 94 76 80 69 82 41 98 99 12 11 57 18 21 38 49 60 62 82 79 87 84 71 92 60 90 89 82 4 89 78 98
82 53 29 3 34 70 100 85 33 11 41 2 31 78 51 90 92 84 20 78 19 91 22 31 80 62 12 83 50 89 33 32 42 61 34 27 82 33 11 66 95 3 68 25 81 70 14 24 5 86 1 24 76 74 54 7 36 17 42 85 57 74 68 50 86 1 29 68 86 91 85 80 94 52 5 26 73 70 49 78 55 1 53 82 27 58 41 62 74 34 98 82 7 66 32 44 66 60 63 3
2 48 83 95 51 39 20 24 8 20 53 15 73 5 48 99 62 88 12 35 21 61 68 79 26 99 75 44 10 37 46 12 36 80 58 87 18 30 62 26 49 14 92 73 18 39 23 79 79 34 65 99 95 32 30 72 83 4 67 44 92 13 55 28 44 13 66 62 94 27 39 42 40 30 67 9 20 89 39 98 75 55 49 21 86 78 92 20 33 59 64 24 23 70 3 66 34 68 79 27
94 17 21 85 98 87 45 18 75 83 67 1 37 15 21 75 44 13 46 28 23 9 4 97 31 6 14 64 74 45 43 19 61 63 56 11 1 100 80 27 83 46 28 19 13 48 45 8 12 91 36 86 51 39 34 81 96 48 97 21 92 39 40 4 53 95 14 53 94 45 79 28 91 6 99 55 6 43 62 17 33 97 3 84 87 36 16 35 35 12 55 78 2 94 34 54 40 99 6 86
44 37 13 34 94 11 88 99 54 1 16 38 50 70 73 36 57 89 70 44 52 77 21 54 70 54 7 62 53 65 47 48 1 59 81 94 70 20 45 75 72 60 12 21 81 85 9 89 25 30 32 76 6 5 29 28 10 88 89 62 52 35 61 4 45 93 49 66 12 93 40 36 52 4 56 84 40 64 73 64 46 4 91 51 8 20 78 18 7 18 31 10 4 44 13 49 36 61 66 100
6 6 35 9 61 90 93 100 6 17 15 51 20 5 1 80 76 31 49 34 48 31 95 4 74 7 4 62 20 69 61 77 26 95 85 86 36 77 85 41 93 51 43 65 8 44 96 83 26 96 69 25 78 63 28 4 22 31 65 41 52 25 69 77 19 53 63 6 82 99 47 26 50 89 42 9 84 37 91 61 84 59 86 62 74 65 17 95 48 81 87 99 57 55 75 27 7 37 32 88
88 78 14 37 19 55 45 54 44 87 15 79 98 52 92 71 16 8 17 63 40 3 61 96 57 36 22 15 24 6 55 11 35 20 99 53 26 95 7 69 34 73 100 31 24 91 53 39 99 69 54 38 23 66 86 31 53 7 45 77 64 99 39 99 18 90 51 96 84 9 64 17 33 63 99 56 6 3 47 4 23 100 93 45 65 30 75 18 89 20 46 52 70 84 50 40 73 1 35 9
61 50 77 94 65 76 1 70 30 47 25 53 46 69 97 63 99 24 80 87 95 25 38 64 60 88 55 85 40 89 93 52 91 69 45 55 96 98 24 26 44 100 78 90 68 26 4 18 49 83 4 43 59 42 59 70 81 13 54 72 54 46 23 44 15 20 98 10 17 73 87 60 24 16 1 91 42 4 9 42 38 64 37 96 57 95 66 37 59 71 8 64 17 83 7 83 2 56 44 18
28 31 29 51 46 82 94 39 85 54 81 23 17 69 70 74 15 87 62 73 10 70 37 26 4 95 8 5 51 51 74 30 33 54 81 79 35 26 17 20 79 49 94 95 17 15 20 83 54 82 56 63 3 44 40 6 38 47 10 40 49 35 70 82 88 2 12 75 27 80 94 5 81 39 51 49 5 71 32 10 52 39 72 54 82 63 11 71 9 72 11 10 6 32 43 45 33 54 19 59
85 64 15 65 54 17 66 11 39 97 20 42 35 44 47 68 6 57 38 67 28 100 76 33 31 70 30 15 75 100 25 59 64 91 76 69 8 41 79 98 37 99 40 23 94 86 90 99 43 79 65 70 79 92 55 61 61 36 28 35 35 52 46 50 43 21 19 2 61 97 99 49 47 38 71 40 24 60 91 18 90 7 87 68 99 93 81 11 28 8 46 63 11 43 12 53 63 82 6 75
79 5 75 77 42 45 69 17 56 59 34 45 65 73 65 15 65 97 26 93 56 23 7 66 65 70 71 79 52 76 53 82 80 27 58 74 23 78 90 30 36 76 26 53 48 42 67 64 90 44 8 45 18 14 63 82 84 33 60 35 8 64 16 40 42 25 65 16 3 54 97 90 81 23 94 28 16 13 92 6 56 99 50 74 65 12 7 48 96 19 34 56 34 1 47 28 25 11 43 79
64 40 21 97 14 14 24 81 26 67 86 34 18 88 59 82 51 65 81 47 35 66 54 69 66 100 96 42 10 90 21 25 81 93 21 46 6 97 27 84 63 12 17 32 99 75 13 2 91 45 48 26 10 53 94 75 52 41 69 13 30 41 37 11 33 10 56 38 6 82 21 20 46 89 52 96 63 16 97 6 61 96 31 70 48 76 97 51 16 65 63 97 57 52 7 89 61 15 78 66
48 99 37 93 39 88 89 54 4 85 59 16 33 89 37 80 16 33 83 83 49 45 79 5 96 86 45 8 52 23 25 99 73 62 92 11 1 32 64 4 68 74 71 100 14 8 32 29 92 14 11 41 58 90 97 6 27 42 65 78 16 90 76 88 51 19 50 51 50 66 7 18 39 29 17 53 36 48 81 28 61 92 20 71 33 16 28 59 9 92 88 24 33 63 63 83 82 13 86 31
78 44 48 68 72 17 20 60 64 1 87 77 44 6 99 28 73 78 86 82 69 73 57 54 87 72 36 20 36 73 51 65 68 50 32 92 18 52 51 82 4 89 10 47 94 60 74 18 37 11 99 57 35 8 10 21 31 98 41 66 22 43 82 90 44 13 33 62 16 83 95 19 71 56 17 16 15 42 33 51 4 84 59 38 43 69 11 73 66 3 90 87 97 71 28 92 35 60 53 51
94 99 21 64 54 90 31 68 83 64 70 87 99 29 76 41 49 86 65 14 40 54 52 88 24 32 80 10 91 32 12 85 83 33 100 36 74 83 56 56 98 77 94 96 57 70 88 5 7 52 70 47 5 22 86 80 5 65 89 95 49 1 31 31 85 83 18 10 65 73 65 62 2 59 9 58 80 96 63 86 47 84 84 51 5 70 82 9 34 70 56 82 22 38 64 58 20 82 67 84
6 84 97 7 94 5 17 73 100 31 10 46 14 94 48 71 15 29 31 48 51 86 82 24 24 45 82 95 78 100 31 84 83 27 42 28 32 58 52 83 88 62 29 2 55 28 24 21 9 54 68 59 40 1 82 15 98 15 61 75 67 91 10 49 18 52 29 1 61 80 83 49 41 63 2 47 91 25 67 99 30 87 9 69 87 42 35 84 57 96 11 23 38 20 23 55 71 51 55 32
83 38 32 23 100 85 22 42 61 88 40 90 26 48 11 13 90 97 48 98 44 58 72 82 78 94 36 100 97 43 83 31 32 14 53 83 50 26 25 10 14 16 52 91 16 62 3 57 10 3 54 54 60 25 35 89 70 22 89 18 16 23 48 47 89 53 82 38 78 58 100 43 73 3 34 88 64 88 96 25 90 49 78 2 25 64 90 47 38 30 16 53 5 16 52 93 68 85 30 97
42 81 92 14 83 77 54 98 64 49 23 6 50 52 7 26 68 48 72 5 30 40 9 34 55 12 26 22 96 7 70 37 88 61 3 70 37 8 20 53 8 42 58 57 45 16 35 12 15 6 68 44 97 29 29 51 40 54 24 88 13 94 76 100 54 78 21 43 37 40 95 45 33 4 53 78 19 87 41 33 45 9 29 41 37 57 92 28 63 15 15 75 8 91 26 14 20 46 8 57
38 54 53 22 57 5 51 75 92 92 59 36 52 87 76 40 44 19 67 6 34 34 80 93 24 57 58 95 54 65 3 43 18 55 65 26 60 15 100 3 58 11 38 61 97 65 100 92 84 67 97 69 100 28 61 75 84 71 21 90 87 24 32 57 30 96 82 41 63 34 43 72 44 32 33 40 97 32 32 32 50 80 100 1 60 12 27 95 34 48 84 21 23 16 77 52 63 10 93 25
43 87 49 86 19 81 78 67 64 61 98 66 92 49 66 51 60 93 46 94 40 81 66 14 96 94 65 59 3 9 35 46 96 83 83 66 15 60 32 79 72 81 44 64 29 9 14 40 53 11 85 44 92 50 57 39 43 74 49 98 82 84 43 29 66 25 46 33 37 29 11 8 9 6 71 89 14 37 29 19 99 65 62 90 67 71 81 61 44 29 58 77 12 100 58 30 77 3 62 13
32 24 72 92 29 43 81 94 31 61 12 29 25 26 71 91 48 51 52 91 31 61 19 95 61 28 24 89 31 37 1 14 12 72 57 40 66 37 33 48 49 97 77 74 74 99 16 21 1 19 63 31 80 81 25 92 9 100 80 91 88 80 56 99 3 12 38 21 1 23 68 1 71 96 74 44 46 42 16 46 12 78 77 91 10 1 82 70 53 13 12 40 44 67 39 47 31 28 19 83
50 38 83 72 86 9 67 31 50 82 77 61 11 53 4 21 5 37 42 57 50 54 49 93 20 87 91 2 14 61 84 16 99 67 87 36 75 6 66 76 87 42 88 98 46 91 70 3 28 11 11 29 64 59 73 36 97 64 37 63 76 21 78 26 39 16 61 13 21 27 88 60 20 75 9 18 18 30 72 97 40 82 77 56 93 49 43 41 64 31 3 40 51 32 65 41 48 78 53 20
4 92 79 75 19 39 92 88 68 15 84 60 49 60 67 93 60 9 33 24 39 36 15 42 19 31 82 18 8 87 38 11 30 68 38 48 59 81 87 26 96 70 85 44 81 51 36 41 11 68 16 50 55 30 43 26 60 24 43 68 62 32 30 92 100 19 91 10 100 78 35 95 99 72 90 80 74 77 72 85 96 39 86 51 68 28 28 79 3 70 98 65 2 80 56 53 98 46 62 49
75 96 95 74 19 84 53 93 60 76 77 56 14 62 58 33 41 85 11 43 54 61 7 7 40 14 59 89 12 72 38 86 20 32 59 38 68 63 30 27 38 58 34 3 71 91 35 11 27 98 6 33 10 64 39 49 78 50 89 41 73 78 26 92 10 85 30 77 99 11 55 89 21 89 91 91 31 78 54 58 27 11 42 36 74 80 36 3 81 76 43 54 54 21 97 63 57 26 91 55
89 97 43 9 37 86 51 68 15 56 77 41 66 18 28 92 49 15 46 82 90 89 87 43 61 83 57 17 61 99 71 49 96 66 9 32 3 11 51 17 67 79 9 84 48 88 27 97 2 73 30 43 13 16 86 73 98 94 41 58 93 11 58 40 28 66 71 82 77 74 98 95 52 58 30 100 97 9 48 50 81 77 93 45 44 30 69 93 23 9 3 67 71 60 6 51 78 29 32 6
54 82 100 5 91 81 56 88 89 3 37 21 31 81 17 26 10 85 19 85 45 21 51 68 80 9 18 57 89 49 14 42 30 13 98 73 46 54 60 34 8 48 7 91 29 23 16 90 60 86 74 56 6 77 23 38 37 40 46 77 41 60 18 22 24 15 94 69 20 5 55 28 53 13 70 33 87 85 22 46 71 48 2 28 76 76 17 64 68 63 40 60 74 9 81 97 23 27 18 95
83 24 74 35 36 43 19 22 79 41 20 1 40 73 81 67 48 97 30 15 59 21 74 84 29 7 81 3 85 50 97 67 73 22 54 60 64 72 33 95 64 4 47 55 76 27 21 76 24 2 42 34 22 68 18 2 74 50 5 10 99 53 76 23 27 81 34 42 53 66 36 16 22 83 71 97 9 43 24 84 97 66 18 18 33 35 72 58 84 28 67 34 32 94 56 58 75 89 100 79
6 35 46 27 69 16 76 30 11 99 13 7 16 82 76 100 68 47 57 3 74 75 36 6 21 43 15 47 31 14 25 89 49 70 67 69 38 42 98 48 93 63 54 60 44 81 60 12 28 16 14 53 43 50 10 63 92 25 9 75 38 33 63 38 2 81 7 91 23 56 38 67 18 43 26 62 24 85 25 3 53 38 7 95 39 17 57 83 93 17 57 82 49 71 72 2 51 30 93 25
85 82 91 55 25 69 16 100 5 92 54 57 29 60 51 20 28 59 2 72 75 10 54 75 32 25 29 82 54 73 59 90 54 1 44 30 69 11 81 74 2 34 82 83 94 33 2 21 43 55 93 70 64 98 44 95 74 24 28 79 96 86 68 2 87 64 31 7 74 12 32 28 45 14 10 90 98 63 63 40 69 7 61 32 4 57 78 77 80 57 55 76 95 74 77 81 37 59 39 63
22 71 90 19 36 51 8 33 65 70 24 33 76 85 16 31 41 45 59 72 1 13 47 95 39 75 27 27 86 66 89 7 88 30 25 23 32 33 7 96 54 30 80 82 66 95 12 58 39 71 30 92 35 28 38 25 3 65 52 88 82 92 46 21 22 71 43 53 55 49 1 8 30 80 41 96 75 53 53 65 75 82 8 61 10 46 86 64 62 37 3 43 28 48 15 1 70 57 6 24
57 58 84 38 37 76 33 63 80 38 80 54 19 87 15 80 32 52 95 93 40 49 87 19 49 1 20 70 9 77 94 17 34 29 55 70 4 39 85 36 76 64 89 47 50 55 78 34 58 73 78 97 73 17 16 21 69 35 91 78 63 36 46 96 16 100 17 71 91 1 6 66 16 47 12 18 53 90 51 11 14 80 7 86 96 22 59 65 8 49 94 70 36 39 17 3 91 34 73 81
86 31 46 2 29 10 19 81 99 21 91 12 100 50 97 48 23 7 12 31 55 5 52 42 95 21 44 85 54 69 17 91 51 15 44 79 24 62 11 22 34 2 85 86 3 33 33 25 40 96 7 46 100 11 88 46 31 83 83 84 3 99 26 5 13 70 83 88 83 94 61 17 47 45 54 49 30 86 25 69 81 32 66 32 42 5 29 24 88 11 59 42 62 84 47 26 53 81 14 88
26 74 4 72 71 9 72 100 46 97 20 78 80 85 9 73 90 89 96 29 100 54 22 61 89 68 86 42 1 99 29 26 25 84 98 47 44 21 98 89 17 17 66 48 53 26 72 94 14 19 22 13 24 44 73 13 63 11 6 63 61 34 89 85 69 38 83 12 58 80 52 27 48 17 26 1 42 98 94 55 16 68 20 40 11 44 4 25 54 9 40 15 94 80 51 14 17 86 77 26
65 28 52 13 44 30 13 85 79 58 91 46 25 10 85 87 54 40 64 59 48 3 25 41 82 28 54 50 13 30 75 77 9 79 89 52 8 53 88 86 63 31 31 87 40 68 26 45 59 89 4 7 91 28 99 24 55 5 73 67 86 99 96 95 77 36 98 36 41 86 73 3 16 56 41 7 23 66 52 33 6 7 39 48 86 38 71 93 94 43 11 79 94 6 73 70 42 71 6 34
8 30 36 75 85 28 81 59 94 84 92 51 42 30 99 28 19 69 20 12 64 30 91 57 88 15 26 81 85 83 14 44 13 1 18 49 28 51 8 73 34 99 24 76 80 22 55 99 90 74 62 53 55 4 61 42 19 39 22 55 73 87 99 37 87 68 86 15 18 93 87 52 43 62 79 22 83 33 72 25 58 86 29 64 89 90 58 59 28 31 14 100 18 64 37 56 83 74 70 1
66 9 4 8 22 34 81 5 18 53 29 27 38 57 90 78 46 47 37 25 30 2 77 47 17 13 2 99 86 24 51 3 84 54 62 5 39 42 9 56 46 89 82 35 46 72 13 43 70 1 20 99 2 96 97 70 60 99 68 97 74 71 99 57 24 12 61 63 5 22 70 51 10 52 37 7 75 1 50 96 1 21 47 54 16 43 23 75 93 43 71 18 13 21 74 88 84 87 2 88
8 72 90 69 23 27 28 49 27 29 44 80 49 42 33 64 85 56 90 29 50 12 47 62 84 20 49 67 58 51 54 17 22 44 38 96 22 65 96 48 93 39 27 41 33 12 4 17 67 45 97 68 56 43 29 39 15 77 5 72 79 10 41 52 5 78 99 26 42 94 74 34 85 52 74 17 63 29 85 81 73 81 48 80 24 76 18 90 5 74 13 35 35 53 87 40 30 85 65 71
31 38 56 15 42 81 31 4 9 67 37 33 47 84 12 22 12 81 11 16 54 24 2 89 76 88 80 58 25 44 80 7 34 36 21 75 16 3 30 77 69 66 61 67 2 73 89 13 53 99 80 59 22 81 99 50 21 78 7 45 73 38 3 6 73 23 32 41 77 62 69 97 79 29 63 80 53 51 92 58 2 71 16 75 4 66 24 24 95 82 68 67 20 22 73 44 44 56 36 72
69 56 68 48 37 82 79 89 85 23 46 86 93 13 60 96 78 36 19 24 17 38 91 88 59 15 84 54 70 71 77 39 27 44 38 63 78 16 3 62 38 49 47 83 13 6 30 43 93 1 66 10 90 56 49 1 22 84 6 92 55 83 82 33 78 71 95 55 86 49 16 76 49 14 10 62 72 39 4 64 91 69 25 81 77 26 33 98 9 38 41 63 20 22 95 98 92 41 4 30
42 72 57 90 85 66 51 8 56 54 72 47 75 96 79 51 73 11 100 82 48 41 96 20 14 91 69 58 83 72 87 24 43 43 14 80 8 16 87 15 22 10 61 96 58 39 98 30 49 49 11 49 89 7 68 55 49 36 12 83 7 50 7 2 92 72 33 51 39 71 65 60 81 78 7 38 16 56 67 17 5 30 65 45 36 32 99 36 67 62 18 25 11 76 26 54 99 10 56 38
81 73 49 61 50 56 98 65 63 16 33 67 45 97 64 32 28 14 67 94 76 85 71 38 12 48 92 11 58 47 48 38 19 48 50 20 55 99 37 18 14 69 36 11 66 99 42 93 13 61 39 40 97 9 77 8 8 68 18 65 67 17 54 37 65 3 57 19 53 93 36 19 61 24 29 78 22 22 23 86 82 61 25 30 21 2 38 28 69 55 45 87 24 98 24 40 53 80 58 5
24 46 23 36 69 3 14 42 25 36 28 58 48 52 88 20 53 77 47 74 83 43 60 6 41 35 45 45 66 55 1 89 52 24 25 20 78 90 13 2 25 40 12 72 92 51 91 96 27 89 69 9 32 81 67 24 67 11 20 33 65 20 21 16 95 97 87 73 86 100 74 10 91 37 33 82 87 75 30 65 64 50 74 47 30 40 22 97 2 41 81 19 60 1 86 55 50 25 79 35
24 4 97 14 41 81 48 79 56 77 44 19 26 17 17 8 8 38 56 9 78 36 79 89 88 65 95 37 89 73 24 64 77 72 29 69 52 76 47 7 4 90 77 82 58 93 89 17 30 96 26 59 83 4 48 70 20 42 59 8 67 34 71 43 5 100 63 8 27 9 15 31 51 91 64 8 84 4 77 65 99 2 24 33 57 71 54 29 64 12 36 30 97 59 24 53 10 86 61 36
47 75 18 97 17 81 56 100 36 32 17 34 85 40 66 94 10 20 22 25 83 9 55 32 67 78 84 76 16 96 64 62 22 81 10 39 14 65 90 49 49 6 35 85 45 52 78 6 23 51 31 58 60 85 89 78 14 24 6 29 20 69 42 41 1 51 31 66 68 21 67 16 26 1 100 71 4 30 76 27 80 6 84 91 42 24 69 56 47 74 36 18 94 30 11 94 80 41 60 47
61 26 14 39 78 66 9 81 95 36 7 26 94 42 17 87 65 37 94 64 62 30 33 55 59 95 100 90 88 11 89 100 88 2 38 17 67 98 98 13 86 56 39 79 50 7 65 66 43 11 81 4 40 14 10 50 60 61 91 47 72 79 47 11 81 84 28 99 34 25 12 19 32 2 49 81 8 65 47 50 75 27 5 14 92 66 15 52 26 6 98 49 84 96 60 16 32 87 67 65
11 78 83 94 79 31 75 38 95 73 39 70 51 43 35 43 60 2 46 85 7 95 34 42 91 93 58 22 79 24 86 41 53 20 86 83 2 12 20 96 84 58 17 87 52 52 29 11 53 26 47 11 20 80 4 62 24 13 35 54 36 72 46 40 91 32 74 92 43 93 40 79 2 56 65 5 59 45 67 63 70 14 25 41 45 29 3 69 41 37 74 29 61 20 68 51 51 42 95 45
86 34 23 40 41 39 96 100 83 63 14 4 76 39 97 20 67 51 40 59 39 14 87 99 85 7 50 35 100 96 31 85 29 6 76 69 44 72 20 79 34 34 34 61 24 30 80 42 80 72 100 71 37 87 69 21 93 70 7 92 65 37 28 93 94 56 14 38 27 85 68 12 18 1 72 93 83 3 34 14 26 34 84 62 20 53 82 12 74 88 55 39 77 82 83 70 37 96 59 15
81 26 26 50 79 49 43 13 4 76 26 29 61 62 91 80 66 24 43 39 64 97 77 40 31 60 61 19 7 20 34 39 97 11 41 75 12 35 87 15 62 65 43 23 26 85 2 91 9 97 29 24 45 58 63 75 69 23 94 27 94 79 66 91 89 58 17 100 92 56 66 53 20 9 27 45 45 29 87 5 77 15 28 21 24 42 96 92 17 41 19 10 19 36 52 59 93 69 11 36
24 76 40 95 36 67 91 33 95 77 37 71 43 17 43 67 58 38 10 74 30 80 84 48 15 35 59 59 55 69 94 30 96 34 24 84 100 14 16 46 42 4 68 37 20 10 3 78 100 64 3 29 44 86 29 58 73 87 69 27 7 14 9 54 47 32 89 98 98 56 95 91 60 14 27 31 76 81 60 27 45 63 55 88 100 35 97 72 21 17 51 79 31 59 85 29 42 73 27 91
81 73 82 40 87 60 22 14 41 34 40 85 96 46 24 95 81 72 19 53 89 21 32 19 31 68 47 72 40 25 15 20 50 48 11 88 7 85 1 99 18 40 35 65 37 10 59 17 82 29 70 22 49 53 92 79 20 38 3 11 15 17 83 64 16 93 3 74 29 3 73 46 94 59 62 30 69 73 47 50 1 68 23 2 20 14 80 39 3 34 49 17 2 31 32 17 76 86 91 56
88 15 54 33 73 15 15 41 87 13 42 40 80 64 41 99 77 20 89 32 54 89 48 55 72 32 24 47 17 66 54 57 80 7 89 4 22 55 97 60 67 38 99 46 54 39 44 30 11 84 61 16 73 61 22 44 44 45 42 12 62 95 20 93 54 61 97 75 15 93 86 82 82 85 27 35 75 23 17 85 6 29 52 30 41 74 25 84 70 66 48 84 13 67 76 66 79 72 92 94
16 29 75 98 13 53 32 40 27 48 76 85 77 28 14 17 53 39 53 74 56 52 57 20 70 85 37 49 8 80 94 24 9 20 73 73 72 4 12 51 4 88 35 32 67 100 100 71 90 4 44 46 7 53 17 77 37 54 77 44 33 70 19 41 89 91 14 12 47 77 14 2 16 48 85 82 100 84 52 89 40 48 86 46 100 3 74 88 56 50 83 40 19 2 81 59 44 46 23 90
22 36 91 90 36 75 71 35 11 75 23 2 22 9 47 73 63 73 12 18 22 94 9 93 47 89 3 91 86 25 32 60 13 23 49 48 49 71 82 11 45 56 12 18 16 11 42 78 83 53 47 56 99 56 48 97 96 51 87 82 27 19 93 39 93 41 38 93 63 71 56 8 27 19 77 94 29 19 72 63 23 18 19 73 25 18 70 21 20 8 54 99 26 46 37 70 38 27 15 100
97 70 59 75 88 36 21 69 54 92 83 28 61 53 1 86 71 70 6 42 77 59 40 55 56 29 76 93 55 90 44 3 11 3 30 51 38 50 71 43 93 53 70 53 6 22 90 28 91 95 69 20 5 61 26 60 89 1 4 95 43 48 49 5 50 78 55 39 79 25 81 71 30 2 76 87 24 65 66 66 12 86 37 16 46 62 28 34 63 31 80 57 30 29 61 79 58 16 17 37
92 49 7 73 3 34 59 78 99 24 43 10 62 80 77 7 41 4 93 55 87 72 11 16 52 72 47 10 39 15 46 82 64 4 55 18 38 65 95 36 41 37 97 2 68 73 8 61 77 52 67 15 24 78 30 27 1 76 36 39 91 81 72 6 85 26 23 74 91 17 61 83 5 57 84 25 29 43 37 57 95 3 71 70 32 53 96 32 80 32 22 70 64 94 27 48 71 49 73 61
17 33 43 74 41 78 98 70 21 34 78 15 88 1 36 20 5 31 51 84 14 25 54 78 18 80 77 88 81 50 1 49 34 95 22 75 73 71 96 45 56 73 59 44 25 46 63 29 76 65 65 90 89 18 67 58 49 43 98 81 44 98 30 78 44 3 52 68 74 47 12 29 71 22 24 48 67 38 28 43 3 92 84 43 61 2 53 10 96 50 42 40 99 71 69 94 74 20 62 99
18 73 79 40 95 3 87 61 40 15 55 94 6 90 89 67 91 41 28 87 42 69 26 40 92 46 33 17 65 46 15 34 19 93 73 65 95 12 77 87 78 32 32 83 21 20 1 12 12 80 50 53 1 27 44 92 72 29 60 36 74 74 21 92 66 93 8 13 56 85 51 33 16 82 68 88 54 20 51 17 100 100 22 100 26 65 43 49 93 2 84 19 27 56 62 44 1 70 8 56
54 58 89 21 92 56 60 97 75 11 13 26 62 34 77 40 51 71 88 95 24 24 13 50 79 75 46 31 96 53 87 1 11 27 21 54 34 32 50 60 94 14 86 56 48 14 47 50 85 86 44 60 9 57 62 40 83 7 70 30 59 8 30 21 86 2 74 19 33 75 31 27 89 16 34 88 81 32 37 17 17 80 77 78 88 38 17 22 44 38 51 54 98 80 75 83 33 100 54 66
75 84 44 15 51 29 54 31 60 90 48 76 21 76 53 61 13 21 34 8 11 85 61 8 16 87 42 1 87 47 66 13 30 61 79 80 89 32 63 48 73 62 75 45 37 80 5 1 52 39 8 62 75 20 21 42 7 15 42 45 61 59 57 91 19 87 22 59 18 84 6 90 45 33 34 33 12 91 33 15 81 92 77 7 12 49 100 18 63 94 14 76 52 70 66 23 8 39 81 25
75 39 66 71 23 51 4 86 41 36 100 73 28 28 31 91 77 31 8 91 24 73 66 75 42 83 49 1 74 30 25 48 20 42 18 42 92 21 27 85 9 78 57 88 6 40 78 82 70 37 24 93 9 42 19 2 24 68 2 97 49 78 96 20 19 14 61 10 86 39 46 94 16 55 81 21 94 10 54 63 46 78 55 54 19 25 55 94 92 8 43 92 85 38 11 3 3 23 65 89
61 10 82 29 64 15 49 9 24 55 71 70 84 77 75 54 2 82 47 45 89 41 89 74 31 99 28 33 74 92 73 34 54 55 14 69 21 63 78 44 69 48 65 52 77 40 5 78 73 51 74 61 44 62 86 74 13 14 58 86 57 31 71 10 37 85 31 9 99 8 4 67 7 69 18 83 60 22 12 32 24 86 44 67 99 30 92 11 43 2 48 51 84 19 61 72 3 91 80 53
50 35 19 56 3 36 39 14 9 50 97 32 87 41 51 38 70 94 100 64 47 48 14 82 18 26 53 72 16 84 24 17 19 42 73 73 29 63 87 37 64 35 68 3 75 70 40 44 16 39 7 62 38 73 44 55 98 48 26 14 32 49 82 2 42 54 26 70 16 12 6 32 99 26 34 73 95 73 17 62 11 75 24 49 47 19 55 45 66 81 10 49 81 91 50 23 97 76 92 64
39 50 95 37 75 28 62 21 100 30 83 63 4 6 63 3 24 17 99 41 49 60 90 30 2 91 52 98 66 95 14 57 44 8 45 18 36 6 91 87 35 73 1 91 30 63 45 5 32 43 45 80 54 34 9 55 25 12 5 42 7 18 50 50 77 47 20 64 52 10 3 39 82 3 29 11 18 25 67 49 19 11 28 72 97 89 78 73 100 34 14 6 51 16 8 80 62 27 43 65
88 45 3 21 48 83 83 17 59 49 65 77 59 92 48 55 32 78 27 32 11 93 37 14 60 96 93 21 74 87 37 61 32 40 81 31 74 63 47 33 11 63 61 70 6 61 76 38 38 3 69 48 47 57 13 6 53 5 78 26 44 14 39 75 5 19 57 31 34 55 15 44 17 75 65 22 35 93 59 24 47 79 24 93 36 36 50 40 93 27 17 36 92 55 62 97 26 70 27 59
24 41 54 92 67 71 65 2 63 76 25 9 54 48 53 41 36 2 80 28 80 49 15 71 3 76 67 80 45 45 90 20 37 44 11 4 66 75 57 28 50 33 88 4 33 40 96 68 41 76 47 20 24 61 90 78 88 9 10 84 5 99 3 42 94 13 97 11 87 5 38 89 37 77 44 21 16 39 40 8 14 86 79 89 98 69 19 37 29 80 20 33 30 22 26 24 34 22 86 73
26 24 61 15 100 4 35 68 42 75 75 8 12 54 48 62 74 18 98 54 97 18 86 27 91 64 2 25 37 87 49 63 62 61 29 14 16 15 81 9 89 7 16 53 12 16 14 85 33 63 38 82 32 76 60 23 39 13 99 75 51 99 89 65 59 69 78 74 84 10 82 72 68 50 76 80 65 41 64 49 56 54 82 87 29 41 61 19 53 59 45 56 57 86 20 67 54 97 40 37
58 74 61 25 23 36 56 39 29 20 87 84 25 21 70 5 61 31 75 66 41 19 21 50 4 40 16 58 88 56 46 97 29 6 73 3 94 29 41 22 100 79 5 24 99 26 80 12 8 54 77 49 24 49 50 28 88 65 37 27 72 34 23 52 40 47 54 33 75 94 54 74 25 10 49 23 35 28 34 95 33 62 95 57 10 44 36 49 8 72 27 32 5 49 83 96 96 37 80 22
82 85 48 6 94 96 81 81 76 14 75 60 28 69 16 37 12 51 38 71 74 64 2 31 65 37 26 12 73 58 33 6 42 80 64 36 28 44 68 55 9 94 14 36 62 82 25 25 84 62 47 58 25 1 40 41 37 17 52 61 74 85 66 16 16 81 3 43 24 70 49 85 63 15 72 76 96 96 52 79 9 98 88 86 98 27 26 86 44 78 46 17 62 64 84 29 96 86 24 20
7 72 4 69 38 27 96 85 23 47 16 83 45 3 68 94 82 94 80 25 23 77 93 84 92 77 64 88 14 87 59 21 11 14 41 48 40 37 33 14 83 48 97 79 50 64 73 83 9 4 7 31 32 52 66 76 80 30 63 93 16 73 13 26 86 6 26 77 42 58 91 76 57 87 55 58 50 79 41 59 82 47 89 65 50 7 40 29 36 54 22 51 26 86 29 63 91 54 40 32
63 30 8 19 16 14 76 17 92 16 75 73 15 16 89 64 22 29 93 9 34 14 59 12 99 39 74 90 44 13 73 6 42 32 24 9 45 100 26 36 67 52 60 81 19 49 45 92 29 37 100 14 50 11 25 100 49 99 41 93 63 66 98 57 97 74 65 94 25 42 29 91 94 41 72 64 41 16 56 69 52 55 34 53 65 59 4 14 57 97 58 19 62 7 75 58 32 92 3 56
33 32 47 78 72 18 42 12 85 97 32 88 3 65 92 68 75 95 33 31 91 90 2 52 48 28 62 80 71 64 35 4 47 33 33 70 2 26 33 86 22 16 73 25 33 64 44 7 11 76 90 1 65 43 5 64 70 18 43 41 33 30 96 32 62 80 1 64 6 86 49 79 1 74 3 33 89 98 92 99 73 81 52 89 23 8 53 44 77 47 36 9 76 31 40 38 63 93 1 68
78 1 46 78 26 1 63 15 98 54 13 71 34 16 11 8 23 63 51 99 10 87 60 85 69 51 74 31 43 26 50 20 27 96 50 52 48 12 18 45 17 83 67 50 98 78 9 73 92 59 23 53 97 82 90 18 85 63 100 27 89 50 99 67 97 48 70 44 11 88 40 27 70 59 28 19 36 36 43 79 46 66 32 43 99 21 60 83 83 11 62 23 60 60 41 56 7 11 51 17
50 91 95 71 49 22 41 36 57 84 14 2 49 97 96 99 17 7 34 100 18 95 74 77 54 15 85 12 77 35 80 26 77 74 48 77 95 88 64 3 71 30 56 71 26 4 22 43 10 55 94 79 1 67 8 54 33 92 17 9 78 96 86 7 21 85 35 67 73 99 69 95 28 76 18 5 79 39 47 41 45 40 19 45 59 26 50 91 69 18 52 47 13 37 5 85 22 39 51 46
89 71 92 68 46 9 73 25 99 19 65 95 11 35 91 21 61 40 11 29 9 14 27 21 3 31 57 24 22 7 21 10 77 12 30 75 73 2 99 71 72 15 18 82 49 8 2 61 100 65 90 8 78 68 81 80 99 37 55 72 44 27 33 72 39 62 46 11 63 96 33 35 62 50 68 63 10 22 23 9 38 64 16 15 32 96 47 82 85 53 53 80 80 85 51 70 99 49 32 61
96 16 47 10 66 15 72 75 36 46 35 25 10 50 39 93 98 37 74 34 42 78 13 73 14 15 94 12 15 25 25 11 92 71 20 57 37 43 83 24 88 69 48 49 19 39 41 68 27 66 1 68 43 65 92 9 79 85 20 94 61 44 56 53 67 27 61 3 69 96 27 8 64 74 57 34 64 49 1 91 15 53 58 9 17 2 17 48 38 89 93 99 32 48 3 50 74 63 53 94

10 31 1 74 56 9 59 20 58 12 10 24 64 19 32 33 72 1 32 10 89 24 8 72 23 62 22 48 76 26 41 86 56 93 11 63 2 69 82 11 80 43 34 96 14 17 80 85 17 11 94 57 86 53 29 8 14 2 7 42 79 99 27 86 91 89 48 44 57 82 54 89 76 39 84 89 56 63 74 24 25 19 81 10 24 61 69 89 14 75 30 92 73 8 77 15 96 76 59 5
57 12 93 33 51 28 21 58 42 46 81 66 17 13 75 40 25 95 28 38 69 10 81 93 17 57 7 65 33 17 69 41 81 13 73 31 40 46 40 81 43 72 98 59 37 72 50 61 18 30 51 86 39 31 30 55 40 88 71 24 5 39 64 85 3 89 67 42 34 6 74 28 77 71 87 13 94 88 26 11 17 76 48 55 58 77 62 49 65 32 72 69 23 36 5 25 76 71 19 61
76 92 88 4 15 26 69 8 14 46 71 82 21 18 37 30 47 50 79 11 33 50 31 55 37 35 32 64 5 50 24 32 93 64 87 59 89 55 19 54 100 89 36 72 58 24 54 4 25 32 14 57 33 96 64 22 30 95 85 86 96 9 69 88 72 56 99 12 62 17 18 62 5 5 85 62 28 38 66 52 69 31 60 54 27 23 75 8 17 59 46 64 19 14 4 42 21 2 54 83
18 23 44 22 27 80 35 54 18 100 57 38 83 68 91 61 91 65 20 59 24 65 23 42 31 26 36 51 27 89 33 96 11 28 17 37 8 51 42 77 3 50 14 37 17 5 97 59 69 16 18 44 33 92 38 15 17 73 65 95 13 50 90 23 77 58 11 36 60 4 12 14 5 26 50 73 82 98 32 50 14 1 46 98 92 83 12 60 7 28 6 19 77 47 93 6 56 55 93 15
10 5 81 14 82 30 38 63 28 21 64 93 21 9 90 64 43 53 75 49 80 80 67 57 78 59 14 33 13 6 48 74 10 28 87 43 9 77 5 88 97 21 80 70 29 21 33 72 73 60 72 53 39 39 61 17 49 74 1 14 79 100 87 41 79 26 83 88 2 40 75 50 60 7 19 88 27 4 11 52 15 83 4 53 73 64 21 21 89 22 86 67 21 73 59 100 50 42 39 51
81 65 52 92 71 23 31 50 26 42 1 40 76 4 44 100 19 17 72 59 90 58 77 62 82 36 13 31 29 51 33 9 16 84 52 38 6 82 87 83 75 87 74 50 42 70 1 12 86 73 22 27 82 99 88 63 34 1 45 62 3 77 22 18 12 73 8 18 54 94 52 29 33 78 30 26 47 31 38 84 55 59 10 36 9 49 50 94 49 94 55 52 22 28 21 33 52 28 2 58
74 54 38 6 83 67 31 29 49 20 12 55 31 73 42 39 21 91 33 22 36 39 25 9 67 45 42 70 25 95 27 98 100 64 55 82 83 85 10 83 5 73 38 87 45 31 25 18 74 9 39 9 48 15 18 66 59 11 35 35 57 62 32 57 77 86 38 11 23 100 94 79 72 83 65 69 65 41 38 38 50 28 47 97 42 16 62 52 78 48 87 34 61 70 90 38 8 80 100 30
79 93 60 2 27 76 22 92 16 11 81 17 38 27 65 79 94 78 31 23 26 69 57 86 38 98 75 45 29 75 26 59 19 85 61 98 12 34 41 28 45 21 96 82 100 61 13 45 38 95 68 63 63 76 1 100 25 75 97 54 1 22 12 72 59 24 69 70 10 9 49 54 81 45 87 80 57 51 25 94 45 44 9 59 19 9 59 95 35 55 48 88 28 12 59 86 87 27 56 96
87 56 1 19 100 88 99 56 90 75 2 35 18 10 93 88 70 3 82 4 9 82 43 37 93 1 74 79 79 81 27 17 37 27 36 88 66 34 96 56 60 49 42 29 58 34 16 79 89 49 34 97 30 77 85 74 77 11 5 8 91 31 24 79 9 59 19 75 92 66 30 3 14 71 31 23 56 46 1 44 47 34 93 28 10 29 54 39 39 58 46 82 40 69 60 48 28 30 74 71
95 55 74 8 25 4 30 33 2 30 28 100 16 20 27 77 1 80 15 39 89 12 20 80 81 32 80 60 61 53 82 56 8 7 15 84 63 45 68 64 26 96 63 41 67 41 18 67 21 84 58 61 96 77 41 28 60 72 39 73 76 72 80 35 79 94 19 41 90 38 56 16 33 18 8 100 10 77 66 82 61 23 43 8 52 35 87 63 58 77 35 33 48 14 68 26 60 38 18 49
75 73 64 8 42 24 59 52 100 76 33 12 99 27 19 2 13 57 16 70 33 51 3 33 16 70 10 75 7 28 24 81 52 39 88 94 62 98 97 62 74 29 73 24 8 44 25 20 52 92 90 37 42 92 69 10 13 78 84 19 57 59 51 9 98 91 54 59 88 50 72 61 30 97 84 89 92 60 9 43 52 98 31 45 41 99 54 53 29 90 23 37 48 25 97 97 15 2 56 3
51 79 15 33 75 99 21 18 58 81 61 61 30 43 6 22 42 59 26 22 100 48 10 48 73 7 44 39 8 51 41 11 30 8 95 56 6 67 74 15 48 86 76 29 28 33 51 21 43 76 94 43 76 4 90 100 62 85 38 21 36 31 83 17 38 29 72 43 96 97 9 95 82 36 23 10 68 25 82 11 1 76 53 28 31 94 27 92 78 64 64 65 94 47 81 31 75 5 25 22
1 86 16 83 21 91 44 41 67 25 3 67 52 7 94 82 100 72 25 29 36 89 46 81 35 26 12 61 30 88 83 31 25 50 65 98 92 8 38 59 84 92 77 36 98 23 69 49 94 94 29 81 34 74 62 20 100 25 80 81 64 14 11 89 16 27 86 59 86 23 69 70 14 98 57 63 72 25 11 17 70 39 98 3 13 59 22 64 35 54 44 98 67 7 86 34 85 71 93 71
45 61 40 10 58 48 72 81 24 34 98 94 25 95 48 89 5 70 52 39 75 47 88 41 5 74 27 90 96 19 60 41 31 51 50 41 50 74 21 73 7 18 66 31 64 14 71 20 35 22 10 9 21 98 1 25 23 27 66 18 97 77 10 80 27 12 72 76 85 92 49 43 62 66 26 77 31 96 97 17 70 58 77 90 55 78 66 29 56 32 47 5 8 8 84 87 19 55 14 55
98 14 50 11 80 75 88 62 22 36 79 91 45 55 32 52 84 98 80 40 81 78 96 88 86 79 26 56 85 40 11 34 53 60 45 32 86 84 46 7 71 76 50 67 30 33 18 66 30 98 57 62 27 52 2 12 82 27 68 18 66 30 51 19 41 47 2 26 82 99 84 4 74 85 71 4 18 88 21 99 37 77 61 64 28 62 27 61 88 46 78 54 27 80 24 67 27 77 92 60
76 28 64 49 12 86 4 29 25 24 28 14 100 88 29 79 49 55 39 88 53 68 93 79 48 16 98 74 45 89 85 20 68 100 68 80 85 24 8 62 47 35 75 99 74 3 29 74 9 20 62 13 87 6 92 34 74 89 59 18 29 44 37 97 95 56 28 80 31 35 93 30 22 67 28 95 21 8 21 29 27 34 42 14 39 85 99 12 25 58 81 5 53 69 53 47 25 80 78 7
15 22 36 88 88 15 34 60 23 54 89 49 39 82 14 78 18 13 41 42 22 22 98 26 90 51 24 66 30 54 73 96 75 60 35 63 75 69 22 49 74 62 97 13 95 63 42 12 27 82 5 100 55 3 25 45 5 100 62 86 53 86 34 28 46 68 42 72 36 15 20 62 77 68 74 23 30 15 35 8 48 91 7 3 45 83 99 49 83 60 35 35 98 68 14 43 87 55 14 75
70 85 36 98 52 61 20 34 75 54 41 74 97 100 76 41 34 74 90 68 86 76 55 83 95 68 77 81 23 42 55 92 26 42 89 29 2 8 62 28 14 3 2 10 54 29 50 39 55 91 7 40 18 61 74 12 28 50 45 50 43 51 93 20 93 81 48 46 41 10 74 54 64 27 15 69 7 16 7 61 7 13 100 24 25 25 88 53 26 32 54 68 82 47 87 26 79 35 72 19
96 97 24 59 23 90 27 29 6 33 42 64 98 41 39 22 18 26 26 43 9 80 63 91 78 1 16 8 35 39 27 82 35 2 40 9 92 18 90 49 3 31 12 52 23 2 73 40 28 51 35 36 82 97 78 59 97 46 66 84 84 44 65 71 98 57 79 41 26 68 89 28 50 52 31 73 53 4 64 32 6 98 68 87 46 97 45 43 42 62 78 26 58 94 96 55 2 26 95 28
46 83 7 95 86 38 19 38 93 35 70 98 32 89 84 30 85 80 24 27 41 1 4 98 46 51 4 48 28 98 75 73 32 81 20 17 18 90 7 10 24 28 59 8 16 42 37 52 21 60 30 14 12 33 63 57 35 67 4 63 64 30 87 48 11 6 64 80 48 22 42 71 49 100 78 16 94 66 68 66 25 97 79 88 82 42 45 16 8 100 78 23 30 17 70 92 74 86 71 21
7 64 92 56 16 21 23 9 87 90 74 63 87 53 51 68 46 47 35 5 98 65 27 27 81 97 18 54 34 41 75 40 4 18 47 19 90 70 79 76 11 53 91 97 57 93 16 54 39 51 58 36 15 36 15 47 84 84 100 17 24 26 9 80 95 55 50 85 76 29 12 87 33 54 35 89 46 3 94 36 5 51 24 71 86 38 17 70 21 68 38 97 94 46 76 40 53 77 76 28
5 88 66 37 41 53 77 39 7 22 74 11 72 97 81 10 86 49 31 7 16 68 55 61 66 82 1 18 58 76 97 63 15 63 51 8 67 80 46 73 1 19 35 25 68 67 34 53 15 16 59 30 35 65 91 100 46 91 17 4 18 14 18 33 28 20 92 94 99 37 18 52 55 4 76 74 70 61 27 84 76 85 65 10 2 55 10 47 97 78 50 67 91 19 51 70 39 42 63 37
78 32 40 84 87 15 58 56 27 84 91 2 20 56 64 21 62 25 20 11 2 69 77 45 88 27 14 78 20 29 14 97 12 6 32 99 20 89 54 47 24 97 100 44 52 15 16 65 91 35 75 45 56 3 89 95 81 54 72 100 34 37 48 46 42 80 44 14 20 49 12 44 97 11 39 100 78 54 65 68 41 91 12 96 46 52 42 78 6 13 78 91 1 77 36 43 56 31 56 76
32 67 71 28 29 9 28 6 62 44 26 54 34 37 1 31 41 42 9 98 54 38 88 7 14 24 49 70 6 56 97 37 74 67 65 2 75 44 60 88 87 85 94 72 73 94 55 65 36 63 62 41 100 50 47 13 25 95 34 30 2 82 19 75 48 83 77 74 78 88 14 16 24 7 87 96 100 41 61 87 55 74 28 54 23 74 19 99 21 4 29 74 86 99 49 85 81 77 11 10
64 24 25 87 82 63 34 33 56 46 20 10 20 99 16 94 24 86 93 96 89 73 70 26 71 18 63 3 46 73 12 9 48 88 47 29 50 32 13 57 78 32 67 97 30 34 42 54 19 34 49 59 58 18 37 80 87 99 82 32 23 45 92 70 32 38 50 34 22 62 90 99 94 8 47 75 41 88 28 11 74 29 22 83 98 58 63 85 56 44 68 78 41 60 99 24 49 48 9 70
9 51 20 54 58 66 29 51 6 8 13 31 88 34 13 86 91 27 22 98 23 41 27 63 52 25 38 1 24 47 22 85 97 94 38 54 11 18 56 16 78 21 98 65 54 63 2 97 89 75 46 63 16 25 25 67 1 63 19 25 9 93 9 57 86 98 62 48 68 18 64 97 38 13 13 43 75 15 39 16 41 37 78 8 61 55 27 61 69 97 37 29 89 97 85 26 95 46 74 14
15 89 10 52 53 22 47 80 88 37 95 81 73 24 88 33 30 66 46 98 63 82 26 3 79 10 81 25 8 6 38 22 46 99 26 98 72 72 77 60 8 23 92 81 99 79 65 28 45 10 26 59 92 3 61 70 65 41 94 72 98 83 93 43 81 18 41 52 41 69 63 49 92 54 81 90 85 45 69 81 55 46 39 46 49 51 67 13 44 60 36 41 94 80 84 74 50 76 25 90
44 40 90 35 93 70 76 29 15 45 9 69 42 99 66 90 50 32 54 45 43 41 85 36 21 20 61 70 95 37 11 39 76 1 25 21 70 53 49 84 97 10 4 38 8 21 80 9 4 85 53 46 26 90 33 46 61 45 67 56 82 29 46 9 29 70 29 51 22 30 86 70 39 90 60 98 10 91 7 66 75 11 63 52 52 96 49 13 92 15 68 73 96 65 82 24 34 62 74 8
91 60 29 81 1 40 79 62 82 37 27 57 47 90 60 51 37 9 63 28 75 82 53 70 46 86 46 31 47 71 90 90 30 19 70 82 10 100 96 92 36 22 100 35 63 59 85 51 19 47 31 94 28 83 15 73 20 60 3 18 31 93 7 12 63 29 46 72 28 41 15 64 62 14 50 77 25 34 27 43 80 57 88 59 91 3 31 10 14 85 28 44 29 86 8 91 14 53 15 94
45 81 57 58 95 58 34 71 91 13 65 22 69 53 80 12 55 62 21 20 46 100 16 27 86 23 69 51 27 35 44 71 16 52 28 62 9 14 32 99 26 96 20 46 100 99 57 54 12 30 26 58 29 41 36 66 63 4 17 41 39 60 11 54 12 90 67 20 3 98 19 28 45 90 74 45 41 82 50 52 11 75 61 40 15 96 5 29 100 73 69 90 33 31 95 44 21 61 15 23
58 85 3 54 75 28 98 67 9 48 18 72 74 79 11 41 26 67 69 77 40 38 66 24 68 60 19 40 72 33 63 81 18 17 35 44 44 84 10 4 31 79 75 57 9 37 97 35 56 65 11 47 54 29 70 74 40 88 13 12 72 27 92 41 43 78 36 38 62 45 42 44 76 68 100 84 5 96 18 12 13 81 58 18 9 79 91 48 18 4 11 89 30 3 82 25 80 17 62 41
14 55 85 89 23 36 24 79 32 42 90 96 22 99 13 82 77 56 29 46 59 92 86 40 94 67 64 25 84 78 66 49 32 2 89 6 37 12 84 20 5 25 67 78 23 32 59 51 87 40 96 97 31 82 36 76 100 52 100 35 81 17 83 12 70 23 18 7 35 53 78 39 78 45 17 100 28 27 3 14 66 98 10 48 31 97 23 83 48 23 17 28 39 52 92 9 74 61 67 8
13 96 99 90 92 67 42 19 93 44 32 59 93 93 58 76 90 81 58 89 3 74 69 93 25 12 53 51 72 71 10 36 67 8 78 10 74 19 29 67 14 12 77 6 57 34 33 46 66 90 86 68 64 6 13 40 17 17 42 40 88 52 28 6 59 5 15 85 75 43 3 88 7 31 45 63 16 78 60 82 19 45 1 82 3 13 74 71 30 15 63 69 66 90 74 77 94 88 61 20
83 63 7 89 93 3 51 8 32 10 89 51 6 90 84 8 54 9 31 35 76 93 3 41 82 76 69 27 16 29 46 98 43 4 86 35 58 88 95 90 97 35 92 54 76 27 62 30 36 92 16 11 36 19 3 17 46 72 95 61 52 92 10 95 47 47 81 4 34 75 45 82 10 88 36 85 15 49 66 50 92 82 12 27 52 14 95 97 37 41 10 89 32 71 83 30 18 63 85 3
90 82 85 99 69 72 35 83 20 53 84 63 34 95 41 85 61 35 33 97 27 94 85 10 65 19 39 34 34 23 36 23 4 72 73 25 43 59 7 14 11 43 76 44 89 16 80 49 2 65 46 80 58 82 89 74 1 27 7 86 2 43 8 57 14 32 81 9 90 40 22 1 34 98 96 22 65 28 71 19 92 68 98 1 49 87 75 1 65 33 86 18 75 45 27 41 76 59 49 66
98 70 18 31 19 13 5 36 40 75 54 83 42 3 84 42 89 10 43 6 42 80 75 69 25 1 9 100 60 9 17 9 30 34 92 49 99 96 36 90 70 89 73 63 91 8 4 32 69 98 89 10 78 63 30 2 16 38 53 27 98 70 35 28 3 78 28 53 73 63 43 94 3 67 56 45 74 12 76 42 9 16 3 86 31 33 39 46 22 92 24 72 61 58 99 15 36 78 68 60
92 62 54 94 28 61 38 1 72 66 94 33 33 48 70 63 32 9 60 6 52 83 77 12 93 27 78 28 56 97 39 47 58 92 40 85 5 29 37 28 94 82 60 27 82 82 41 13 90 1 70 93 83 98 4 75 24 33 54 79 30 45 77 39 88 16 24 92 45 12 20 90 94 31 68 75 64 9 39 5 61 9 97 95 6 100 22 82 85 27 12 14 71 89 52 59 56 27 2 52
91 21 42 84 4 61 10 67 21 100 72 81 60 68 28 18 20 49 99 4 75 62 69 98 50 72 56 58 51 57 9 41 30 50 76 85 63 37 3 83 36 26 16 48 94 43 65 65 43 15 20 17 76 88 14 78 11 21 35 13 30 43 53 11 45 28 95 7 16 97 41 52 23 8 99 68 2 15 84 44 29 3 13 4 42 78 33 4 99 67 17 80 62 69 90 6 49 36 64 64
84 4 67 58 64 17 25 65 31 60 9 11 62 73 67 55 50 99 59 100 66 75 79 27 95 20 84 95 55 47 59 39 2 77 96 65 94 73 30 76 32 90 87 46 62 53 100 63 3 10 63 20 36 93 46 31 13 81 25 19 27 35 57 29 12 5 45 57 29 26 84 60 67 22 57 28 26 9 43 29 18 57 48 54 1 46 36 65 26 60 84 5 47 92 85 10 48 29 18 76
55 1 88 21 75 44 1 100 52 95 80 22 51 80 75 51 25 10 68 2 21 51 6 19 94 90 28 42 71 45 17 25 98 4 97 24 48 49 23 51 43 55 72 45 34 98 48 58 7 15 11 80 17 17 98 10 58 78 51 28 22 68 4 71 23 53 94 22 1 69 73 96 75 96 92 8 94 39 17 52 5 27 31 21 95 81 31 53 58 81 32 31 100 36 54 75 88 99 96 40
19 20 35 93 16 27 52 9 17 68 12 22 47 43 42 41 75 24 45 84 57 77 66 56 64 19 82 51 70 78 90 88 97 77 33 64 55 84 72 71 4 36 92 50 78 86 42 4 9 39 39 65 15 4 73 78 75 54 80 44 83 21 83 32 97 15 95 3 51 19 74 54 54 17 55 83 2 96 38 11 34 76 27 100 79 99 29 5 5 60 48 87 81 83 18 29 97 65 32 47
83 5 52 88 73 6 70 75 2 59 37 87 34 63 39 64 14 67 69 18 27 68 56 59 50 26 87 99 90 18 97 24 74 49 63 47 54 84 73 7 42 9 94 75 23 32 38 88 50 58 5 28 26 13 86 75 38 73 25 79 42 22 54 16 70 16 14 23 99 86 30 40 46 75 66 68 58 55 56 59 13 12 87 38 76 72 64 13 96 89 43 90 10 96 5 31 11 70 53 61
55 34 100 100 60 17 19 17 72 26 28 84 38 14 73 13 37 88 78 85 28 20 74 89 68 30 19 30 99 24 91 5 57 42 56 69 59 74 37 82 100 64 65 89 77 89 53 66 76 30 50 56 2 23 44 21 4 63 50 2 86 92 58 94 34 13 62 44 86 51 25 37 14 41 25 43 81 30 8 8 59 9 63 12 31 7 32 86 21 34 87 6 25 44 51 10 8 65 5 93
15 29 82 28 21 58 70 1 87 29 9 98 37 71 9 19 29 93 4 49 26 42 54 2 37 57 12 44 21 16 89 35 97 70 14 69 27 84 70 66 12 30 63 1 100 23 19 81 15 23 29 40 64 35 42 1 91 5 44 63 72 32 49 68 53 62 89 32 97 58 97 9 87 11 9 38 33 79 70 100 1 99 39 17 33 32 69 75 88 12 89 60 96 37 79 100 98 67 31 95
76 79 55 14 89 15 4 74 93 73 73 46 71 63 62 55 47 30 81 34 93 69 45 40 5 24 40 3 90 22 49 18 1 3 31 41 69 34 14 61 7 86 58 77 1 19 84 47 100 64 32 93 85 77 84 89 100 23 43 41 45 43 58 97 97 89 37 65 74 51 78 80 88 35 9 88 6 92 86 5 7 18 49 91 94 33 32 45 55 26 37 51 69 95 47 65 35 84 82 8
86 59 40 73 45 48 13 50 39 98 55 97 15 55 40 60 87 23 4 94 48 41 96 68 87 43 85 73 78 66 32 63 76 71 87 20 18 99 22 8 97 76 57 63 82 96 75 69 18 78 14 17 70 9 37 8 51 21 80 80 38 64 94 65 34 81 36 52 79 57 11 27 84 67 42 66 62 16 86 31 45 99 100 67 7 36 26 10 8 58 89 45 21 83 61 54 15 96 57 45
53 68 24 88 86 65 53 48 32 38 30 28 36 29 94 95 64 20 4 71 77 44 67 49 78 27 2 92 75 11 89 79 78 12 66 63 76 71 62 59 8 44 86 96 72 80 90 88 51 45 58 79 88 77 27 18 3 80 9 29 90 49 7 19 60 73 34 87 95 47 45 2 90 31 49 62 62 38 49 64 34 58 42 74 34 68 91 89 99 51 17 89 100 24 7 59 48 40 46 42
87 90 95 28 72 44 89 33 33 89 96 19 47 89 92 80 8 82 20 7 32 37 95 83 12 53 42 11 45 39 4 83 80 98 10 52 93 99 36 78 39 32 96 85 72 87 17 80 20 36 86 3 24 80 86 35 32 27 45 76 17 48 58 96 98 20 47 42 18 83 19 8 66 66 93 37 4 61 16 23 96 1 26 20 32 11 6 16 89 3 43 5 2 53 100 99 72 99 93 41
81 11 48 98 77 92 34 80 52 2 55 100 54 80 71 86 42 76 1 30 30 95 86 32 47 37 30 18 35 74 10 67 85 58 16 13 49 50 44 53 3 50 52 56 29 74 93 22 1 45 3 31 40 88 62 86 77 43 56 11 17 65 30 53 74 45 65 75 46 60 27 48 10 30 56 90 55 48 12 55 93 14 85 32 2 46 69 78 89 76 40 57 41 21 9 66 18 73 40 63
84 18 63 93 99 70 83 53 17 94 8 9 59 44 92 12 90 61 41 30 36 81 86 28 53 94 46 70 18 37 85 1 55 99 94 5 68 28 10 36 73 69 45 31 12 88 43 1 100 83 30 88 15 67 15 20 60 60 41 77 97 25 78 3 75 23 59 42 2 68 78 26 36 74 56 48 61 50 100 13 85 82 100 51 48 14 70 60 26 63 88 74 87 65 28 62 39 86 55 92
6 32 17 93 57 25 92 70 26 44 82 10 25 81 13 24 46 34 83 71 96 71 96 35 87 75 96 78 13 2 69 18 86 38 62 42 62 54 11 87 97 92 49 73 72 61 96 18 46 31 40 42 53 88 76 91 62 23 68 74 24 89 43 9 26 5 51 39 10 13 25 58 57 73 30 28 85 77 97 31 59 89 72 11 28 99 2 89 21 21 15 96 61 9 5 38 13 7 76 74
71 1 31 27 25 12 7 10 41 55 40 99 95 63 62 22 61 15 63 33 35 77 28 48 85 84 85 50 42 61 75 13 13 6 91 37 69 97 98 9 52 89 8 46 51 69 20 63 83 82 47 69 10 27 16 94 62 53 95 4 13 70 68 77 27 10 13 47 7 63 56 10 51 15 7 54 35 26 16 69 7 15 89 68 41 57 62 2 9 8 57 73 29 76 49 7 86 13 54 92
75 61 53 78 75 59 31 61 37 98 81 43 12 69 11 52 25 24 6 85 83 62 9 64 38 57 70 75 22 23 18 48 35 70 25 61 28 7 21 64 5 53 59 16 22 21 68 98 96 73 35 30 86 43 93 75 52 63 49 25 37 18 72 24 87 49 84 67 55 57 82 11 9 92 27 82 64 46 80 59 70 66 41 7 8 33 82 11 47 82 35 36 100 59 59 38 7 42 4 13
98 86 76 59 29 2 40 93 47 71 51 68 36 43 74 44 76 55 6 74 89 41 9 40 99 19 77 57 61 33 21 10 70 96 20 98 97 60 90 95 30 93 14 66 35 88 61 62 94 66 36 82 58 96 73 56 15 50 64 27 82 85 88 51 32 8 48 29 67 90 75 48 82 89 65 68 28 25 30 21 43 65 55 52 60 27 60 74 76 23 100 9 59 88 59 91 47 59 71 13
100 97 12 81 85 77 48 12 53 29 85 47 93 39 99 5 65 58 78 41 32 30 49 91 69 60 33 15 70 3 79 69 99 90 1 36 66 100 47 19 81 31 17 73 69 15 77 86 24 7 26 56 88 26 46 8 37 78 22 58 32 52 78 30 41 30 65 59 30 64 29 62 46 45 34 67 12 63 52 35 21 29 90 8 6 87 67 43 16 88 100 47 91 78 29 83 59 45 41 40
8 21 1 6 18 35 24 29 49 27 63 69 55 5 28 60 91 94 54 7 33 6 5 75 35 33 57 93 78 98 33 37 70 33 42 87 19 17 15 67 43 78 87 97 82 66 9 24 11 14 82 43 19 87 17 53 19 74 46 48 23 30 85 92 62 78 79 81 95 45 47 37 74 86 86 55 51 46 31 62 59 12 56 30 98 25 82 69 98 79 16 72 8 100 15 70 30 45 2 24
90 100 12 63 85 49 70 36 46 100 97 5 63 4 34 61 28 67 29 77 46 96 48 5 48 15 26 77 59 27 52 48 79 63 63 63 64 84 50 9 83 46 65 45 50 98 57 77 17 37 54 62 85 53 18 32 67 44 8 78 22 59 77 100 73 39 63 88 22 12 97 56 10 61 53 11 11 61 39 27 98 44 40 82 49 57 65 15 52 72 44 74 82 21 73 6 59 87 94 33
51 90 40 12 2 92 22 12 53 12 90 2 56 29 35 4 86 99 70 89 22 66 62 3 86 87 60 96 25 53 80 75 94 20 86 48 11 59 59 15 71 49 16 78 29 50 33 66 100 54 55 21 19 16 75 56 54 35 52 79 39 31 5 33 50 43 80 13 1 90 27 23 90 95 100 71 44 84 36 96 38 90 16 8 58 91 64 63 25 15 41 63 97 46 47 99 88 78 11 40
20 89 63 9 83 14 31 79 98 67 74 87 8 89 94 65 31 9 28 55 75 20 70 72 17 16 22 56 46 84 96 65 72 10 25 7 23 56 85 72 74 10 10 81 98 56 46 29 64 25 35 91 96 56 14 13 24 35 68 69 18 15 85 41 24 9 47 99 16 83 22 89 92 32 70 42 39 67 70 54 43 56 44 38 12 57 50 35 43 70 55 60 84 39 53 60 99 51 58 15
34 31 55 25 14 76 66 52 42 87 6 36 43 49 74 6 58 75 92 100 96 46 12 32 84 64 91 82 14 100 48 99 30 55 24 44 30 89 95 24 28 52 59 22 53 84 27 10 11 18 61 6 15 72 89 98 87 79 31 53 78 31 51 60 85 74 3 14 15 49 37 42 1 48 15 53 31 41 14 93 10 26 51 24 98 39 73 36 18 55 88 47 85 39 6 21 64 60 87 30
9 23 23 9 22 37 13 5 29 78 97 38 3 47 13 52 86 85 88 55 40 27 53 76 17 59 49 81 18 35 62 26 9 85 86 31 73 50 35 2 27 31 39 30 78 52 33 15 88 20 21 79 47 73 55 15 31 3 47 1 89 9 78 97 45 16 27 17 65 13 18 92 44 9 73 73 12 5 39 51 77 59 30 75 31 36 89 14 38 36 66 78 44 43 74 88 58 1 56 75
13 26 66 8 34 90 32 97 94 70 47 22 28 76 96 11 11 37 24 100 72 41 77 67 83 3 6 93 55 61 67 67 86 84 27 71 73 58 67 18 80 14 40 59 41 87 69 4 23 44 55 46 84 32 12 19 34 69 11 88 30 29 6 67 12 84 38 84 94 56 53 73 21 44 31 14 31 100 17 5 95 71 51 79 54 14 97 39 83 59 26 64 87 84 82 98 19 71 33 12
27 37 84 99 81 67 12 63 18 28 67 12 51 69 42 4 35 38 43 69 96 20 84 34 3 65 31 74 88 15 85 66 52 21 64 32 87 76 46 4 55 64 67 57 85 9 61 19 98 3 39 46 74 22 79 29 38 62 2 25 76 86 90 79 6 6 62 44 33 7 99 87 71 66 96 7 26 56 25 23 10 15 68 83 88 47 11 25 60 12 2 87 50 43 66 7 48 79 51 80
86 49 19 8 66 14 14 91 21 90 66 30 4 33 12 43 31 23 19 90 86 20 29 35 15 94 42 62 72 44 94 9 44 64 16 10 29 81 52 49 22 69 78 77 2 41 19 84 15 38 26 1 9 54 87 23 99 80 37 22 23 30 31 67 45 98 28 73 31 79 21 52 100 50 29 1 42 47 36 57 84 13 9 45 66 47 67 16 27 3 38 49 84 68 15 28 17 42 52 47
73 24 99 72 73 79 24 67 25 11 23 61 24 83 5 41 29 71 57 55 26 46 4 61 13 70 89 81 64 92 80 88 16 78 11 40 56 86 6 32 96 80 44 71 62 48 12 43 71 20 97 48 65 52 8 29 74 48 61 89 40 40 76 55 17 38 94 24 23 52 8 70 31 51 41 93 51 4 87 21 75 83 20 39 87 27 19 60 75 79 48 14 19 75 20 87 12 65 63 86
16 22 55 47 72 95 91 74 50 77 46 24 11 65 62 97 92 32 8 18 11 7 83 81 81 2 67 44 66 29 29 82 2 84 80 74 30 70 99 80 46 45 55 8 9 69 5 52 100 64 69 62 71 51 42 3 4 9 47 70 89 27 3 91 62 82 16 92 3 14 23 48 58 29 7 19 97 11 70 97 75 39 58 97 41 100 99 45 60 97 66 48 76 68 90 37 49 5 80 51
71 54 50 28 83 56 46 79 19 16 27 45 6 37 41 98 36 91 42 47 40 7 46 15 26 36 3 26 92 83 28 62 88 77 90 70 85 87 49 55 54 27 51 59 63 43 57 50 33 50 96 24 9 42 90 34 29 93 60 20 27 87 82 14 16 23 84 52 9 84 6 15 10 8 25 25 50 33 74 82 83 22 58 91 63 47 76 91 39 35 62 65 22 95 79 89 17 14 40 78
97 97 92 58 4 68 82 53 1 8 86 83 29 43 25 91 90 100 33 80 87 46 97 8 41 75 48 9 40 87 86 36 83 29 45 38 97 79 42 97 86 27 31 14 22 7 56 63 6 40 42 92 85 38 51 77 64 98 86 3 36 23 90 70 4 87 7 100 65 48 48 2 27 30 15 48 36 22 62 41 13 55 85 49 93 87 26 8 37 63 63 72 85 4 94 88 42 52 39 6
52 86 7 30 67 73 77 2 46 90 95 58 44 31 59 88 17 84 96 53 46 10 77 30 65 22 70 7 73 8 12 76 46 71 5 12 95 33 14 93 22 60 2 66 90 60 5 6 43 100 11 40 61 39 22 26 12 91 84 36 50 47 12 95 17 68 59 64 1 24 8 74 83 9 91 24 69 96 29 63 47 91 55 8 81 76 85 92 18 68 28 67 14 91 14 83 58 72 98 10
47 5 84 81 13 74 4 33 69 84 96 16 75 50 75 7 25 59 99 94 78 78 60 91 68 25 25 77 48 22 87 94 26 70 26 39 43 29 23 64 13 18 31 39 19 5 45 95 15 95 88 92 24 100 34 43 24 59 20 72 80 6 17 58 27 43 48 21 23 70 84 87 88 14 25 6 70 22 1 84 68 40 27 92 39 61 86 63 19 5 86 50 62 54 59 88 48 6 9 71
76 44 57 15 10 34 72 79 7 24 15 74 64 41 17 54 53 3 16 71 7 53 73 21 59 31 8 6 89 16 28 64 12 85 30 21 70 1 99 76 77 65 49 40 6 18 93 58 20 61 81 78 65 5 98 23 87 58 81 75 25 8 90 36 44 19 56 13 72 7 88 48 23 89 39 28 6 83 38 77 43 70 6 60 26 56 82 12 13 62 39 37 22 80 25 65 99 32 30 22
90 69 21 13 9 59 92 66 41 81 42 36 50 100 95 27 55 28 91 19 42 29 55 63 8 31 79 58 63 60 31 52 29 51 16 37 61 8 3 2 88 96 89 90 95 83 16 49 10 6 67 51 86 74 65 46 56 96 3 18 55 86 22 83 36 37 72 97 96 74 50 84 69 38 25 16 72 92 64 33 50 83 36 35 8 100 80 63 95 35 33 50 72 6 84 7 94 55 55 90
80 56 25 49 45 1 16 16 92 31 1 41 13 36 28 72 87 7 35 82 93 19 83 16 24 18 23 69 73 29 10 52 37 34 52 81 34 67 49 78 98 49 18 62 36 45 34 22 4 20 55 48 90 89 64 65 7 38 33 31 18 43 34 54 28 86 35 14 4 35 91 53 83 8 67 18 5 52 39 8 71 46 7 12 34 70 76 40 59 60 70 77 54 4 30 82 41 16 47 96
50 37 49 32 96 67 1 100 18 92 59 40 37 66 51 70 87 78 62 46 37 31 22 91 86 3 24 78 19 70 74 68 6 74 52 53 40 52 5 57 43 63 96 31 80 98 53 19 75 14 64 63 96 37 53 82 39 28 11 57 97 84 77 54 57 28 7 96 31 11 4 26 25 99 56 57 96 8 75 22 73 38 85 69 26 89 2 64 17 12 73 65 96 1 19 4 28 77 52 58
39 55 35 15 6 91 71 1 50 45 75 23 34 59 91 59 99 44 75 15 55 99 80 2 99 50 58 78 26 9 87 64 63 22 30 68 64 1 21 13 97 47 87 31 5 29 41 3 72 15 70 79 65 1 32 63 50 89 92 75 97 79 90 12 52 19 31 15 71 3 27 68 49 14 98 5 42 90 60 66 57 81 44 21 81 75 36 30 16 27 56 64 57 97 75 8 15 58 22 38
12 1 5 13 66 54 17 59 43 28 24 51 8 67 72 88 94 7 69 9 85 24 72 42 20 99 1 87 8 75 24 19 75 80 31 40 33 100 50 27 79 74 78 87 92 1 26 85 59 95 45 43 70 69 36 42 67 89 28 26 63 3 44 37 34 27 28 18 78 77 44 56 2 73 42 94 73 20 30 31 66 27 26 35 95 13 28 13 1 7 38 15 61 33 3 94 11 30 11 88
59 7 44 12 79 37 5 4 8 87 86 73 13 63 60 7 76 87 71 28 94 8 43 54 92 97 100 3 79 10 90 37 16 85 100 47 22 5 50 81 43 87 54 55 50 13 13 77 51 83 56 96 42 50 50 33 47 1 35 25 10 77 13 78 61 12 24 34 68 25 15 10 11 20 16 12 84 80 40 34 14 96 30 55 45 31 40 43 31 74 67 92 50 79 69 63 43 92 96 10
68 62 72 79 81 39 42 16 19 82 50 32 77 31 87 73 13 26 16 95 51 34 86 53 65 55 15 7 98 62 68 66 76 39 96 8 78 37 24 48 18 25 79 46 55 17 19 19 42 86 13 45 19 50 97 83 56 63 41 54 76 9 71 51 99 18 59 28 54 34 75 24 58 54 21 12 70 91 82 64 76 94 60 47 43 56 29 99 70 22 4 45 30 26 48 28 43 58 8 48
91 82 71 48 87 44 11 9 34 92 72 62 37 83 60 79 90 40 29 59 61 32 55 90 57 2 70 51 59 77 99 1 10 21 48 97 64 10 5 50 53 28 63 89 10 22 68 99 13 96 9 74 80 63 15 88 17 84 91 27 12 89 28 22 9 27 18 25 37 22 26 89 1 40 30 10 13 97 8 25 44 68 98 75 30 13 15 46 48 5 73 60 93 52 33 53 78 50 29 66
23 6 7 23 45 36 84 57 84 43 82 27 10 31 54 39 43 68 37 43 72 61 2 16 12 34 20 41 35 49 7 9 54 65 83 51 100 66 7 83 60 40 61 69 71 14 59 65 33 47 7 56 7 60 71 18 45 43 11 79 91 17 39 96 81 21 46 32 38 5 66 97 44 26 65 66 92 76 31 24 22 89 80 81 49 2 50 93 44 60 24 86 76 62 34 8 83 79 39 72
35 56 69 31 82 85 48 25 60 78 48 34 19 79 14 67 81 15 11 76 75 34 62 2 48 95 10 82 25 100 53 12 56 21 42 89 58 89 13 69 19 12 2 37 43 67 55 75 82 65 50 56 51 11 9 98 57 18 79 34 70 83 45 77 4 86 65 61 26 29 81 96 40 83 84 82 1 38 8 34 55 58 89 5 20 98 54 77 67 32 10 88 14 6 64 69 91 28 81 68
56 62 64 48 96 99 81 96 37 89 30 91 46 70 47 17 19 100 45 38 83 54 25 48 59 89 17 1 68 49 21 24 62 36 23 57 34 3 5 70 43 86 12 88 7 58 57 78 9 1 15 91 7 91 39 65 79 55 18 99 55 90 22 17 25 96 73 10 98 29 32 41 14 43 80 73 53 88 50 61 89 64 52 95 6 90 11 37 96 28 35 50 69 8 18 93 3 43 3 100
71 34 92 37 28 24 9 32 11 58 93 51 73 96 45 78 37 56 14 32 35 100 33 4 7 3 48 9 45 2 61 15 87 4 3 67 79 11 98 90 68 42 40 92 37 37 22 73 92 35 56 78 87 41 33 93 43 33 54 87 34 14 53 73 17 56 39 48 66 88 37 86 30 28 77 66 16 98 91 59 85 46 37 71 86 21 15 28 53 68 66 39 81 19 11 50 74 49 97 91
36 85 76 17 64 53 83 80 2 73 38 38 70 26 8 8 47 75 87 51 42 53 89 75 23 99 76 96 99 24 86 87 60 62 3 23 66 37 54 19 9 44 57 31 69 16 38 67 90 76 18 84 28 6 58 50 5 85 97 55 8 35 41 67 48 44 41 65 80 95 83 41 38 91 23 58 7 12 25 48 87 42 83 67 99 92 68 3 76 65 10 83 51 50 49 98 45 90 62 77
36 44 69 73 87 91 30 45 54 6 92 40 47 27 58 46 18 26 100 94 42 61 76 44 11 77 41 7 18 2 35 53 97 3 77 83 45 58 27 98 64 71 90 62 97 99 59 14 76 11 7 69 71 35 12 33 63 52 92 80 53 26 84 50 29 12 32 25 21 59 23 36 29 64 98 77 62 8 90 38 70 97 6 93 83 18 77 45 69 68 76 74 94 11 75 74 22 6 98 42
16 20 78 96 35 27 72 97 86 62 86 56 10 91 100 44 60 76 88 81 44 63 54 89 25 28 62 46 85 59 39 53 31 68 100 65 94 72 13 32 85 98 39 46 41 38 89 100 13 28 80 8 42 85 96 66 64 9 63 49 68 1 53 50 69 52 66 14 23 79 45 59 28 35 56 68 72 96 68 37 23 99 96 16 84 44 81 47 52 95 47 71 96 99 20 16 51 86 29 25
16 26 36 43 60 91 11 84 87 30 72 61 80 67 77 15 10 9 14 14 4 60 84 51 11 4 66 61 41 94 37 56 71 72 50 83 15 60 66 1 41 37 13 73 55 89 87 17 50 100 30 5 12 13 55 74 68 20 86 8 65 22 15 88 46 65 70 60 76 35 60 17 23 72 41 29 13 27 45 62 79 74 18 42 87 72 15 6 43 100 14 59 21 28 46 66 92 15 77 68
1 36 36 75 60 76 4 24 54 48 37 32 74 54 25 12 25 39 17 19 38 82 77 11 10 75 28 53 41 5 72 94 92 7 68 51 34 23 74 88 23 10 71 96 15 96 59 91 86 75 9 24 9 38 86 18 12 13 22 52 69 94 97 61 52 65 63 86 39 37 25 61 98 47 8 13 94 66 3 80 93 64 55 1 1 40 70 64 4 91 67 25 36 64 85 88 80 47 25 18
35 1 31 85 47 38 49 93 56 3 72 100 66 78 52 18 69 21 81 24 63 100 48 99 63 32 38 94 31 14 63 65 14 93 49 12 83 97 4 90 100 27 89 17 56 92 35 24 12 67 48 26 66 47 76 80 79 65 25 9 78 88 25 43 80 26 7 62 74 62 51 25 89 91 42 96 82 28 20 45 46 19 71 64 65 98 95 95 63 20 55 92 7 32 35 86 57 41 100 30
2 2 55 42 45 48 38 26 75 9 23 72 79 45 35 95 42 30 42 56 49 48 48 7 79 82 92 35 74 43 17 27 45 71 69 41 70 58 66 44 18 40 67 48 84 2 42 26 31 35 33 31 83 80 37 61 13 80 96 38 75 12 65 71 34 85 11 3 94 76 98 11 68 64 58 51 17 51 76 99 86 61 29 68 40 17 80 53 49 75 90 23 38 6 93 23 90 3 77 83
30 74 45 97 90 54 48 6 57 75 5 94 35 85 13 75 54 92 79 2 19 20 24 8 78 16 31 67 18 7 2 47 33 98 96 74 4 43 31 12 17 87 5 4 72 17 30 25 8 8 26 78 79 1 86 56 16 16 75 85 74 28 31 58 77 26 83 32 20 14 43 89 100 47 92 23 15 21 47 75 80 24 52 10 24 37 18 91 4 92 75 30 71 58 87 99 35 22 31 55
35 73 43 86 72 34 9 86 6 7 60 85 31 12 46 6 48 63 97 4 6 71 33 76 28 71 75 63 92 57 69 78 29 11 64 100 96 72 86 53 30 97 89 60 8 34 18 8 97 14 11 2 36 43 30 16 65 4 30 57 12 98 86 40 60 49 92 7 72 29 59 2 25 47 13 85 32 30 92 28 95 54 30 31 48 59 98 12 14 27 20 77 76 6 16 87 6 59 93 78
87 3 31 64 1 95 48 32 25 39 60 71 92 41 53 39 51 50 2 16 28 22 92 55 27 59 41 32 18 85 61 56 87 43 19 87 38 66 19 14 56 30 84 99 22 37 37 72 38 39 39 18 60 30 72 38 40 13 69 9 49 82 65 36 24 35 74 61 1 44 26 56 25 10 7 46 98 43 69 35 33 7 4 44 88 76 81 28 40 2 36 88 35 52 75 58 87 49 71 39
92 96 46 69 5 52 14 54 95 83 41 79 89 44 75 77 19 55 56 58 8 43 98 42 95 72 52 81 20 22 71 64 69 16 32 74 68 97 79 62 79 19 92 20 15 66 48 33 73 3 43 32 45 40 26 91 63 77 23 35 50 93 98 18 9 81 43 76 77 22 89 8 92 32 27 6 98 74 39 22 28 33 53 24 24 78 15 86 6 37 20 55 82 69 73 90 1 15 17 30
88 57 37 80 88 15 85 85 88 75 6 15 59 11 38 82 88 4 20 94 93 91 100 74 60 72 15 60 39 83 41 26 39 77 57 26 91 94 63 30 20 20 96 79 30 86 12 70 89 31 15 81 74 14 6 33 38 72 44 28 54 85 5 44 13 62 22 56 55 84 37 74 55 33 4 85 70 16 6 58 98 72 91 71 37 48 55 26 72 51 53 77 87 58 21 51 19 42 6 25
77 95 50 31 79 6 67 48 73 72 57 70 95 99 93 32 99 99 57 70 49 10 46 87 19 18 38 89 59 95 13 87 89 14 18 67 19 84 66 91 8 23 13 2 73 57 85 71 7 42 40 8 3 86 94 21 3 31 9 14 26 73 100 66 86 69 85 57 5 50 47 64 24 11 17 97 19 2 67 26 95 59 33 97 96 26 69 50 9 77 63 86 1 15 51 86 35 87 94 39
37 93 54 12 3 71 60 22 24 79 99 18 37 31 14 32 8 34 81 68 10 96 53 10 62 56 47 96 42 93 87 30 85 92 94 39 62 53 60 37 31 10 54 19 40 19 2 100 52 83 67 13 30 72 74 91 27 21 38 20 13 76 2 49 68 47 87 81 99 99 18 82 8 71 100 100 42 54 99 93 36 17 58 17 88 31 59 66 3 96 38 67 24 91 15 43 37 2 23 87
100 92 68 7 15 20 58 56 73 8 100 60 25 57 76 64 88 34 82 42 81 71 9 56 61 23 98 97 24 21 83 75 64 3 34 78 22 91 33 46 99 85 57 75 41 32 38 80 17 71 22 49 41 30 5 53 4 2 49 28 74 84 2 38 86 35 67 59 78 100 56 76 36 12 50 28 95 39 8 11 62 81 11 54 62 15 7 65 69 55 44 94 90 98 31 27 84 50 37 61
1 92 36 36 55 37 63 49 28 70 11 89 2 22 94 63 88 100 80 8 7 23 2 96 20 84 23 4 33 11 16 33 3 4 68 9 40 31 58 19 52 20 59 6 93 53 68 81 52 47 88 58 22 89 6 41 25 80 96 57 90 12 90 44 15 9 53 6 39 62 25 43 81 35 48 26 87 67 6 91 66 45 100 87 86 5 79 10 84 75 18 26 38 7 69 52 16 21 9 6
34 33 100 67 20 99 92 6 66 49 48 31 45 48 69 30 52 47 91 88 73 9 13 10 67 81 13 34 54 22 92 39 6 91 5 25 42 48 83 7 96 30 89 41 77 9 22 81 7 65 68 80 25 80 41 91 12 54 77 17 27 20 56 32 62 60 9 3 8 91 61 55 72 49 47 1 9 69 81 16 85 100 47 9 79 87 51 42 92 27 59 18 46 66 2 8 25 62 62 84
